[[[0.9949710149714042, 0.09177714424540771, 0.040120258734585426, -23.955899206572912], [-0.0814227740562808, 0.9743756062166313, -0.2096723870111471, 25.12838158154728], [-0.058335334333080795, 0.20535124495393253, 0.9769482355601626, -18.159709516674972], [0.0, 0.0, 0.0, 1.0]], [[0.997621358242184, -0.03146702806100822, 0.06133067522886543, -34.98830868730362], [0.043999702175628375, 0.9755858577661158, -0.21516565788993516, 5.141874809906384], [-0.05306271560593986, 0.21735238731553008, 0.9746498283695342, -38.52944603242166], [0.0, 0.0, 0.0, 1.0]], [[0.9655025507745514, 0.25906014261467664, 0.026318566760034138, -26.021809087464742], [-0.24646168489135553, 0.9417826534717793, -0.22869646149464642, 40.50529731996978], [-0.08403250756911403, 0.21432049861859126, 0.9731419534392346, 15.524941584017885], [0.0, 0.0, 0.0, 1.0]], [[0.9586174763466305, 0.2843057449669955, 0.014925730185844633, -44.035797277618016], [-0.2778053075032443, 0.9455905904895763, -0.16935951789197984, 28.553875089503357], [-0.0622635139214514, 0.1582045465729025, 0.9854413104177315, -8.527580875829173], [0.0, 0.0, 0.0, 1.0]], [[0.9985946397610633, 0.050854307276651634, 0.014919278530834391, -7.581359450319148], [-0.050292576945765576, 0.9980898923949065, -0.03587789574758173, 10.013758319597228], [-0.01671532663823737, 0.03507714541595412, 0.9992448107069861, 14.131760029348692], [0.0, 0.0, 0.0, 1.0]], [[0.9945357375376317, -0.04034548590326534, 0.0962855572124435, -34.55366354516421], [0.043203364158127464, 0.9986799270514418, -0.027782595810084642, -11.291543536866103], [-0.09503755092541857, 0.03179064440610984, 0.9949659385337488, 5.320431893620979], [0.0, 0.0, 0.0, 1.0]], [[0.9805102976862816, 0.1882766270369092, 0.05613793586123276, -23.098690452771127], [-0.18496238205676394, 0.9809509392169407, -0.0593647376250179, 20.08858383164396], [-0.06624555347374612, 0.047824330220130946, 0.9966565908496015, 8.78866908680127], [0.0, 0.0, 0.0, 1.0]], [[0.9967142036623589, 0.07127497612931279, 0.0384795269653306, -29.594611771118256], [-0.06939976353418927, 0.9964311480075962, -0.04804831008124167, -4.104423325528025], [-0.04176684138294789, 0.045219963047645514, 0.9981035446800407, -7.876539131008012], [0.0, 0.0, 0.0, 1.0]], [[0.9983242318561454, 0.011556666799204788, 0.056702482673397114, -7.461496005437268], [-0.008750705263003568, 0.998736443677456, -0.04948677831406558, 9.772874094933798], [-0.057202738100853065, 0.048907663233869476, 0.9971639219460181, 22.49180638655197], [0.0, 0.0, 0.0, 1.0]], [[0.9877519674082132, -0.12070113389741347, 0.09888016564044802, -23.85515420963703], [0.12157401920551023, 0.9925783392529672, -0.002828126594554716, -18.369989117002355], [-0.09780495250968635, 0.014814746764466789, 0.9950953293744689, 5.897931897604284], [0.0, 0.0, 0.0, 1.0]], [[0.9476135667690457, 0.30964578069662463, 0.07840930156573117, -32.21902518573879], [-0.30922709564833556, 0.9508228620391311, -0.01773381912078625, 24.217516385896136], [-0.08004455879160657, -0.007441473005500197, 0.9967635091070333, 14.91610658383272], [0.0, 0.0, 0.0, 1.0]], [[0.8687252091179171, 0.4860672648528171, 0.095158420970175, -65.51954070626306], [-0.481669134868651, 0.8738423675752797, -0.06628997771398339, 42.816587758717766], [-0.11537484802989266, 0.01175290044783117, 0.9932524924575562, 2.75963306392948], [0.0, 0.0, 0.0, 1.0]], [[0.8443442318430059, 0.525434016229369, 0.10489000306283296, -54.5139556203825], [-0.5204538572179102, 0.8508087428070339, -0.0724725166536674, 55.263378336475526], [-0.12732085713050093, 0.0066013447260204194, 0.9918396148507905, 8.9097413081337], [0.0, 0.0, 0.0, 1.0]], [[0.8915047783424703, 0.44389710788119613, 0.09041342714029237, -68.37592781105408], [-0.4410299669844695, 0.896062228320834, -0.050646334500921444, 33.62277599689972], [-0.10349781840319641, 0.005276418426466746, 0.994615685073571, -8.12760140324656], [0.0, 0.0, 0.0, 1.0]], [[0.9482543847049256, 0.29581631321287033, 0.11535306985523566, -44.33486914613681], [-0.2816919946498419, 0.9514268599679527, -0.12424391446551693, 33.40754187225235], [-0.14650338575635527, 0.08532080032832638, 0.9855237790095466, 22.687958062669857], [0.0, 0.0, 0.0, 1.0]], [[0.986472070699826, 0.13967929654636832, 0.08580529031190237, -46.66894172221551], [-0.12947595080398103, 0.9849177295647197, -0.11477388271067929, 4.952501749787019], [-0.10054268691756348, 0.10211150819271744, 0.9896789418806516, 3.3021234120273677], [0.0, 0.0, 0.0, 1.0]], [[0.966295673352826, 0.2553797572369776, 0.03246307522691316, -17.266197577446167], [-0.25231968662804627, 0.9645482685559371, -0.07733959765645665, 26.01384371796058], [-0.051063170676431756, 0.06654184562604504, 0.996476158962744, 10.006448702182075], [0.0, 0.0, 0.0, 1.0]], [[0.915405395292504, 0.3917682904672109, 0.09246928600229894, -61.10559509275117], [-0.3865023512919216, 0.9196269288515175, -0.07001602800032534, 31.5279056777312], [-0.11246730509437858, 0.028353453326275112, 0.993250817754147, -0.13441883070919763], [0.0, 0.0, 0.0, 1.0]], [[0.9910670155980992, 0.11700443844718056, 0.0640010310630945, -20.14881894238068], [-0.11797221222238831, 0.9929497925371467, 0.011544117280962867, 6.780668210142914], [-0.062199097556435545, -0.018991337080385334, 0.9978830599719918, 18.988373513305834], [0.0, 0.0, 0.0, 1.0]], [[0.9696777721287217, 0.24172102156254802, 0.035999527416909476, -40.06029711822434], [-0.24196617844019983, 0.9702813311252363, 0.002550874534241236, 2.9911827517912304], [-0.034313069383663616, -0.011184194410065684, 0.9993485513397586, 9.605038602682871], [0.0, 0.0, 0.0, 1.0]], [[0.9210557266118999, 0.36742770810688846, 0.1290473858345896, -41.90963095732859], [-0.3726572045209612, 0.9277916415037724, 0.0181460153850451, 29.82473846748548], [-0.11306173709104522, -0.06480392944143952, 0.9914723870763634, 11.214261307871999], [0.0, 0.0, 0.0, 1.0]], [[0.9394018977481063, 0.32618728932756136, 0.10547950885547624, -56.4913856023809], [-0.33249647248381275, 0.9418505409952168, 0.04861742704873521, 9.083935778685332], [-0.08348754573633266, -0.08074286784698292, 0.9932323086764587, 6.579729188299541], [0.0, 0.0, 0.0, 1.0]], [[0.9171652290434916, 0.3801867616147945, 0.11944023160753589, -44.14917973522223], [-0.3820386323870814, 0.9241126395949366, -0.007893839667331462, 30.238523145712065], [-0.11337736104449929, -0.038390827468818466, 0.9928100112150616, 13.405709255460366], [0.0, 0.0, 0.0, 1.0]], [[0.9529784665629194, 0.2762540748371326, 0.1245621467511713, -65.37326973440602], [-0.27714780231534725, 0.9607705371475592, -0.010443688091774981, 13.034944619542877], [-0.12256075203405718, -0.02456951536080781, 0.9921568429314872, 0.3857371694744707], [0.0, 0.0, 0.0, 1.0]], [[0.9404858514165324, 0.32620681930395007, 0.09526528394393521, -40.75948441880582], [-0.32873779568997147, 0.9443479874831715, 0.011761811994019725, 23.64599679414025], [-0.08612679588964783, -0.042379117216905356, 0.9953824317586161, -9.548947872759749], [0.0, 0.0, 0.0, 1.0]], [[0.9274505305098163, 0.3699417594635371, 0.054576625601847756, -53.14346914669113], [-0.37072474295542823, 0.9287312749076553, 0.004624280379967366, 16.393957266918513], [-0.04897630465534399, -0.024521696789246514, 0.9984988772997617, -24.455400021377333], [0.0, 0.0, 0.0, 1.0]], [[0.9981084048520181, 0.03737295202050371, 0.048814696772955024, -14.824203567197724], [-0.033434458628054255, 0.9963021076525597, -0.07914699781620613, 12.621675608502162], [-0.05159214223126768, 0.07736519077946327, 0.9956670518379366, 6.305551970808478], [0.0, 0.0, 0.0, 1.0]], [[0.9919652288206657, -0.11309180448824718, 0.05670298553301369, -17.393792080850403], [0.11852816368848886, 0.9874851339058707, -0.10403934221024694, -6.564677452832457], [-0.04422735831360354, 0.10992431065282213, 0.9929554807261519, -6.755102433975741], [0.0, 0.0, 0.0, 1.0]], [[0.9732399699686938, 0.224662321589177, 0.04827838142998167, -23.230548959763805], [-0.22353178579179742, 0.9743020278035888, -0.02773264067026295, 15.164513022916724], [-0.053268204363085894, 0.01619876155689792, 0.9984488462249608, -3.387196644273104], [0.0, 0.0, 0.0, 1.0]], [[0.9894533356533212, 0.08644280730934448, 0.11623139691577108, -53.72576731453559], [-0.08140217445598215, 0.9955514305061312, -0.04744507573005351, -3.3665360700622666], [-0.11981561900833232, 0.03748319999242581, 0.9920883162097891, -20.232581797206226], [0.0, 0.0, 0.0, 1.0]], [[0.8875514537588627, 0.45810538088037545, 0.048906818941502436, -37.059506353678664], [-0.4551720874693293, 0.8883385381995552, -0.060605382090150386, 37.830066019160554], [-0.07120946369229345, 0.03152937611063604, 0.9969629435052886, 14.484093697698139], [0.0, 0.0, 0.0, 1.0]], [[0.9343104730789165, 0.35609659187863907, 0.016098358533417696, -45.459432959859946], [-0.3552266779708591, 0.9338810782430417, -0.040989498135524896, 17.070777808552243], [-0.0296301730140074, 0.03257835097165978, 0.9990298813824975, -0.23548466466256754], [0.0, 0.0, 0.0, 1.0]], [[0.9892550248909058, 0.11430766706676429, 0.09114961863796238, -19.562427917764072], [-0.11029380088637689, 0.9927423622763066, -0.04793620373051318, 18.815535667138], [-0.0959675633437074, 0.03736789252567978, 0.9946827973751526, 11.031842127100424], [0.0, 0.0, 0.0, 1.0]], [[0.989088274405658, 0.12389597194466491, 0.07971307025278464, -40.268970152382934], [-0.12000172747913915, 0.9914142892025775, -0.051935465406291466, 5.05600724248039], [-0.08546327184973054, 0.04180305372616344, 0.9954639791895566, -0.20207775170643735], [0.0, 0.0, 0.0, 1.0]], [[0.9955555239399915, 0.055897652322463263, 0.07579347740675609, -18.243410322847637], [-0.05413313703103274, 0.9982172006274596, -0.02514008446010829, -0.5918795196775711], [-0.07706362454330101, 0.020925411258060318, 0.9968065634494659, 25.59590903228262], [0.0, 0.0, 0.0, 1.0]], [[0.9877439150343092, 0.11667776087197072, 0.10367380783302811, -46.87238614582592], [-0.11770171952285965, 0.9930417492888243, 0.003793335043776042, -9.36559409597467], [-0.10250982164679862, -0.0159494290586061, 0.9946041183197691, 20.369803304974585], [0.0, 0.0, 0.0, 1.0]], [[0.8501675687637001, 0.5244770808687681, 0.04624820716301107, -33.03167919185999], [-0.5232210752540984, 0.8513936760404284, -0.03699344277448917, 44.119311084321126], [-0.05877764398444514, 0.0072525886233816015, 0.998244753818369, 22.54298181993467], [0.0, 0.0, 0.0, 1.0]], [[0.9469374370741147, 0.31994754537221387, 0.030709257200392952, -42.37982512657233], [-0.317558104251983, 0.9460483049797518, -0.06441626400858622, 19.901233251923355], [-0.0496622662732147, 0.051246198446636866, 0.9974504932343123, 4.224052497676964], [0.0, 0.0, 0.0, 1.0]], [[0.9498122732833597, 0.3079794643701733, 0.05482057138112472, -27.951486422002926], [-0.3084729913717543, 0.9512329310822834, 0.0005695777067979804, 16.992706351772835], [-0.051971714561416055, -0.017451657539149696, 0.9984960593485972, 30.336666147995224], [0.0, 0.0, 0.0, 1.0]], [[0.8877671283650455, 0.4591784613179512, 0.03201041168370449, -49.784674743841784], [-0.45986975649550993, 0.8877848320713405, 0.018918218859558567, 22.757922740288574], [-0.019731519334343733, -0.03151559305703796, 0.9993084781682882, 15.175189873700356], [0.0, 0.0, 0.0, 1.0]], [[0.9639019184291485, 0.24267264396264462, 0.10955856662438018, -39.78510291143612], [-0.2344249390801367, 0.9685891381618592, -0.08294594246942025, 22.313934739926967], [-0.12624594878998469, 0.054268492765560485, 0.9905134482212099, 5.942352230786722], [0.0, 0.0, 0.0, 1.0]], [[0.9439195964661659, 0.30105768379036785, 0.13557310366710273, -71.21642737672249], [-0.29771602652228, 0.953604040739694, -0.04477165438884629, 14.086714028243328], [-0.14276191004233946, 0.0018985562167794588, 0.9897552386955866, 6.128875080297904], [0.0, 0.0, 0.0, 1.0]], [[0.9607018111943262, 0.26845754062336147, 0.07058738449890835, -27.096988795623332], [-0.26891907298295453, 0.963157916128935, -0.0030595398597867574, 16.464445789449748], [-0.06880815470515791, -0.016042988519019436, 0.9975009074509399, 6.865134286386219], [0.0, 0.0, 0.0, 1.0]], [[0.9795150056674639, 0.19108182732304085, 0.06354595926692992, -43.54354705649287], [-0.19060952764382885, 0.9815735149554591, -0.013470067163145527, -2.862126092422607], [-0.06494891564655486, 0.0010816676341061332, 0.9978880039119943, -4.82212039592498], [0.0, 0.0, 0.0, 1.0]], [[0.9976883259203306, 0.054055125831505735, 0.0411830996116793, -13.128592442751241], [-0.0547931187527011, 0.9983528970681506, 0.017006088703204043, -3.6627608742187907], [-0.040196000542812846, -0.01922332663637935, 0.9990068794825141, 23.693931304669135], [0.0, 0.0, 0.0, 1.0]], [[0.9948395238807822, -0.09828256000633118, 0.025196430764260428, -16.85909351618182], [0.09816199814517, 0.9951524762039777, 0.005980905051568373, -28.49642220971356], [-0.025662109126178858, -0.003476708743932213, 0.9996646280885938, 9.674662125242136], [0.0, 0.0, 0.0, 1.0]], [[0.7801142887489813, 0.6238862830323078, 0.04677181131622157, -45.29674950443873], [-0.6235520570538937, 0.7814369833915679, -0.023217948482670652, 47.745459062513135], [-0.05103458272119685, -0.011052005791597475, 0.9986357316531657, 13.273256300709638], [0.0, 0.0, 0.0, 1.0]], [[0.8935647917234836, 0.4480537381606872, 0.028103571168156136, -57.581155780994955], [-0.448212001229194, 0.8939269829594181, -0.000742355169592855, 19.84074660823328], [-0.02545515559351399, -0.011933015432464212, 0.9996047409833546, 4.425020268251614], [0.0, 0.0, 0.0, 1.0]], [[0.9965347387253858, 0.08279949310863531, 0.007922023382995304, -5.866308494465063], [-0.08255588687584907, 0.9962129689916341, -0.027280871595634214, 9.002490495966883], [-0.010150864774475162, 0.0265323265815217, 0.9995964163553707, 5.157466756109513], [0.0, 0.0, 0.0, 1.0]], [[0.9982174002470221, 0.03923477504149376, 0.044973928797923085, -28.43352598617632], [-0.038518729519934604, 0.9991186671555825, -0.01667922112763272, -6.8791065869952925], [-0.045588697286140935, 0.014917150153354736, 0.9988489121539131, -6.36037856119061], [0.0, 0.0, 0.0, 1.0]], [[0.8823010773664133, 0.46605281389400616, 0.06587551547839339, -42.45992412403465], [-0.46076049379892603, 0.8837853415137047, -0.08138327518398468, 44.85399296514095], [-0.09614871934786966, 0.041451716333353664, 0.9945034836443675, 10.09212396646952], [0.0, 0.0, 0.0, 1.0]], [[0.9141534664571096, 0.3831386615741127, 0.13239413042747364, -76.48410638547381], [-0.36843285078649995, 0.9215058504489997, -0.12281775950405778, 34.97409962000817], [-0.16905819774794079, 0.06349593369233637, 0.9835586368787343, 3.3962822674788393], [0.0, 0.0, 0.0, 1.0]], [[0.9217916550610299, 0.3876432644187614, -0.005730986879332623, -25.189585094922915], [-0.3868247746068724, 0.9186597559884591, -0.08019255874185004, 32.130425692301436], [-0.02582127824464326, 0.07613771915410168, 0.9967629152972244, -0.6426410181257918], [0.0, 0.0, 0.0, 1.0]], [[0.8681247373192298, 0.4963100163772899, -0.005983986797374376, -52.89346344978401], [-0.494858283249606, 0.8645268409399858, -0.08779875166297953, 37.567850991238245], [-0.038402082673598376, 0.07918149365791738, 0.9961202593604989, -11.453422617300426], [0.0, 0.0, 0.0, 1.0]], [[0.9760545931637366, 0.19743988441959873, 0.09129580058441655, -29.59967583569023], [-0.19533513809752134, 0.9802295535754648, -0.031531034262571526, 17.014638650235618], [-0.09571632561060993, 0.012942733004305314, 0.9953245052112328, -2.18710471786162], [0.0, 0.0, 0.0, 1.0]], [[0.9732353946563979, 0.21189551381729577, 0.0889559318545423, -49.82332692045146], [-0.21298048184374566, 0.9770525053710561, 0.002777787204070308, 2.1069173310089258], [-0.08632601543921586, -0.021649318055064686, 0.9960316892981568, -18.36421681414792], [0.0, 0.0, 0.0, 1.0]], [[0.9725768010478956, 0.2318916894728302, 0.01790559736163796, -17.84974826528354], [-0.23216774004115462, 0.9725559933569069, 0.01526369122268773, 9.899120996536793], [-0.013874672883475995, -0.019002214055082855, 0.9997231663382525, 26.522637683576615], [0.0, 0.0, 0.0, 1.0]], [[0.9921675040773036, 0.12380989339793179, 0.016575709632103534, -29.88045764055893], [-0.12433893611012249, 0.9915862059522941, 0.03600868134408666, -14.1721973043941], [-0.011978014026452967, -0.03778764959520347, 0.9992140014621769, 11.415584710202223], [0.0, 0.0, 0.0, 1.0]], [[0.9569662568815079, 0.28561532756239694, 0.05137575159171693, -23.241147049033856], [-0.2820099968044673, 0.9570323706854181, -0.06752335272026432, 26.400775510297308], [-0.06845396184687587, 0.05012909456259413, 0.9963940631024434, 16.244113521487527], [0.0, 0.0, 0.0, 1.0]], [[0.9959029616558153, 0.08238428691492108, 0.03728431620259024, -28.357745326128835], [-0.08058044590290944, 0.995613602470963, -0.04754309952958335, -2.4108767027860085], [-0.041037576722597224, 0.04434392680301949, 0.9981730979406461, -16.115274303479957], [0.0, 0.0, 0.0, 1.0]], [[0.8736681475138505, 0.48630995143716327, 0.014373557419722634, -17.33231856131872], [-0.4864306899112692, 0.8736956715232345, 0.006407610631767614, 37.66487572421398], [-0.009442030086839184, -0.012589864762801412, 0.9998761640188699, 28.51505411330764], [0.0, 0.0, 0.0, 1.0]], [[0.9846784173980213, 0.17163302267767375, 0.030830501732128566, -28.222685042655645], [-0.1722251421722442, 0.9848988632997595, 0.01768415886024298, 3.948623825832539], [-0.02732974047223892, -0.022722997103576666, 0.9993681757432289, 10.666529287876173], [0.0, 0.0, 0.0, 1.0]], [[0.9833454439943312, 0.16843089184120622, 0.06828449640414153, -31.593403438752993], [-0.1658933948183355, 0.985278111408762, -0.04130889413227009, 13.189515059679312], [-0.07423691353524321, 0.029292965919468512, 0.9968103143609632, 2.410077086308891], [0.0, 0.0, 0.0, 1.0]], [[0.9979885451499491, 0.04109138227321411, 0.048273823676619455, -34.84831511397415], [-0.03821933072469911, 0.9975271126668773, -0.05898255889189152, -4.820433824467868], [-0.05057812282440737, 0.05701892490529757, 0.9970911170470835, -16.24993945148244], [0.0, 0.0, 0.0, 1.0]], [[0.9015690913681875, 0.4172792751082672, 0.11424176143015174, -54.84587732745128], [-0.4020787910542325, 0.9056293553235103, -0.1347891559462129, 40.91004221653315], [-0.15970541404070127, 0.07558754752897039, 0.9842665814628918, 25.645154027071733], [0.0, 0.0, 0.0, 1.0]], [[0.9329493529459909, 0.3572659923058133, 0.04434541215724448, -58.495938172900296], [-0.3513245642668365, 0.9304043215729652, -0.1044932961536983, 20.2698919991258], [-0.07859106425269088, 0.0819073204304095, 0.9935364288638514, 6.331072708698997], [0.0, 0.0, 0.0, 1.0]], [[0.9869734723522601, 0.1519754162585841, 0.052790507915266106, -21.095816254297077], [-0.14802841206695394, 0.9863573248055558, -0.07201956000532683, 17.190956686584833], [-0.06301550677299811, 0.0632669001568346, 0.9960051933853993, 10.194206352576709], [0.0, 0.0, 0.0, 1.0]], [[0.9983562795306512, -0.056967919315297426, -0.0062765667849497015, -9.53052942201602], [0.05624913692808428, 0.9949364888020479, -0.0832911630672893, -8.106308878957483], [0.010989709576044001, 0.08280120421311461, 0.9965054876237741, -19.703046679799936], [0.0, 0.0, 0.0, 1.0]], [[0.988142033372366, 0.14077435299112478, 0.061301740779989705, -19.014071488860726], [-0.13810731808518573, 0.9893584662300133, -0.04578421114655172, 14.657743914705957], [-0.06709463893668532, 0.036775084485625775, 0.9970686549014736, 8.008743577042566], [0.0, 0.0, 0.0, 1.0]], [[0.9946638497120452, 0.09697561919740415, 0.03520731965507518, -28.279807751538407], [-0.09424856559414455, 0.9929235265108904, -0.0722501099281224, 1.530305503159924], [-0.04196467513827353, 0.06854633310731922, 0.9967649503559404, -0.3446291920351713], [0.0, 0.0, 0.0, 1.0]], [[0.9871096863683507, 0.15681778158991314, 0.03197890640708528, -10.920814015834898], [-0.1539238965711942, 0.9849432555994523, -0.07870335007794921, 21.228862072538302], [-0.04383949295002309, 0.07276652132931899, 0.9963850321193685, 21.74402928236461], [0.0, 0.0, 0.0, 1.0]], [[0.9855970826107424, 0.1679022264530037, 0.020180017376626558, -25.6595722735546], [-0.16507576235918592, 0.9811183317230728, -0.10078100931460529, 14.402914886620364], [-0.03672034083080157, 0.09599823701017264, 0.9947039534757124, 5.049104207289562], [0.0, 0.0, 0.0, 1.0]], [[0.8426998276927219, 0.5365550073139651, 0.04433649211390476, -32.99292657682419], [-0.5321168273558563, 0.8425900798761602, -0.08302794312172593, 51.26559513703904], [-0.08190654706062513, 0.0463754398426207, 0.9955604633210439, 17.981634640793473], [0.0, 0.0, 0.0, 1.0]], [[0.9395024101320167, 0.34124776287816544, -0.02975207029410425, -29.998210227939804], [-0.342431227735394, 0.9378600214909946, -0.056208845927915974, 18.59831464408315], [0.00872213435856537, 0.06299638417849583, 0.9979756409615776, -5.29150895406095], [0.0, 0.0, 0.0, 1.0]], [[0.999571829880568, 0.0047092076462153885, 0.028878716601615378, -8.677628114082573], [-0.004404712465008981, 0.9999341330246871, -0.010598496132189971, 1.7993625073504482], [-0.028926724966926057, 0.010466755729846677, 0.9995267338131477, -16.042169268547806], [0.0, 0.0, 0.0, 1.0]], [[0.9446139763218605, 0.32501453619579157, 0.04549710978550837, -50.269842003481685], [-0.3239263431038081, 0.9456146916268017, -0.029741876587401735, 17.211353824700566], [-0.05268927766438116, 0.01335687991188747, 0.9985216240914475, -24.74737082615162], [0.0, 0.0, 0.0, 1.0]], [[0.9958367423334546, -0.07315268434127987, 0.05438627944948052, 0.1562085175285077], [0.077822167672673, 0.9929526717084926, -0.08937953885365592, 6.184134379959157], [-0.047464648291315734, 0.09323988696170137, 0.994511654351998, 22.327546942893367], [0.0, 0.0, 0.0, 1.0]], [[0.9968035415770158, 0.006538227235484716, 0.07962380978159636, -26.858744136342544], [-0.0002382204221118413, 0.9968844161551162, -0.07887587766932255, -5.6201073149334935], [-0.07989144353777294, 0.0786047861881998, 0.9936994741056062, 16.115995198462645], [0.0, 0.0, 0.0, 1.0]], [[0.9906740410426259, 0.07621098673548712, 0.11294613718528833, -34.086094822652306], [-0.06827283415531929, 0.9950243668165573, -0.0725625906215365, 5.665498539962191], [-0.11791422526851832, 0.06417472198702426, 0.9909479504682455, 12.194730596616893], [0.0, 0.0, 0.0, 1.0]], [[0.9957135434745327, 0.06326556134806476, 0.06746857111799098, -38.47251865580641], [-0.057097335430715504, 0.9943279012202765, -0.08973248654524632, -4.964448946961777], [-0.0727628588505256, 0.08549557650659304, 0.99367805287714, -5.782748737001409], [0.0, 0.0, 0.0, 1.0]], [[0.9983167493799359, -0.05588854859913868, 0.015496388061853588, 1.9907549000279279], [0.0559004787410716, 0.9984362887071423, -0.00033744515142487255, -0.5573022279080734], [-0.015453296865097768, 0.0012031326580795398, 0.9998798668279142, 22.55682998671918], [0.0, 0.0, 0.0, 1.0]], [[0.9978401474881277, 0.0018689086829304152, 0.06566237310063022, -25.0705876000996], [-0.00308711064193358, 0.9998249084972616, 0.01845595016039517, -14.655095120993503], [-0.06561638369154431, -0.018618795040855816, 0.9976712036850967, 20.497776970868212], [0.0, 0.0, 0.0, 1.0]], [[0.9874994446354095, 0.15518703179405122, 0.02760130445672541, -17.887302235452076], [-0.15535781389226466, 0.9878495825644552, 0.0041414840154211366, 11.63716593784531], [-0.026623232474234877, -0.008377791486166464, 0.9996104321696719, 17.47696008257101], [0.0, 0.0, 0.0, 1.0]], [[0.9666949020858704, 0.2532683484243016, 0.036825398404050406, -42.43071361737707], [-0.25360623924661807, 0.9672959442933101, 0.004736197726081744, 6.664408771798395], [-0.034421529547327606, -0.013917608995083538, 0.9993104915207687, 3.750542187388894], [0.0, 0.0, 0.0, 1.0]], [[0.9481684491750356, 0.3170981070047408, 0.02062480358731843, -20.667301906480947], [-0.3170413202063931, 0.9483924042072565, -0.006053835459111976, 25.54933872612847], [-0.021480066824681936, -0.0007988591794939558, 0.9997689575863097, 0.5745451584484882], [0.0, 0.0, 0.0, 1.0]], [[0.9017322343754152, 0.4011736144047086, 0.1610549862431501, -74.13150374477065], [-0.40240952856495876, 0.9150810117182849, -0.02633084337359165, 33.280425215312206], [-0.1579415993601647, -0.04106669085888414, 0.986594130376546, 1.1808228862749244], [0.0, 0.0, 0.0, 1.0]], [[0.9822590521270672, -0.1874831918617938, -0.0041481663120664005, 10.541342582455032], [0.18725035069004703, 0.9817647100433188, -0.0327926863799678, -0.565591437666207], [0.010220600808816451, 0.03143416744363221, 0.9994535669235636, 17.83463416098427], [0.0, 0.0, 0.0, 1.0]], [[0.9991194038490212, -0.02779606867264945, 0.03142921282374091, -15.594736771676793], [0.028009591100411124, 0.999587332720588, -0.006373936846881023, -10.473830640033624], [-0.031239072629679825, 0.007248643382427876, 0.999485656480548, 8.217917161950657], [0.0, 0.0, 0.0, 1.0]], [[0.9952496015867152, 0.0709705215611756, 0.06664394654295834, -15.58578023532266], [-0.0686835027279623, 0.9969885451399214, -0.03600579554463419, 7.927961251274556], [-0.06899860139527435, 0.031257413986424454, 0.9971269563482766, -6.328088149680691], [0.0, 0.0, 0.0, 1.0]], [[0.9700906438877271, -0.21087895629782888, 0.12022565629777328, -23.222998274869628], [0.21427831620335605, 0.9766426274389349, -0.01593679623469127, -25.327327211468944], [-0.11405676589552474, 0.041221888116749435, 0.9926186629786588, -18.09937708765978], [0.0, 0.0, 0.0, 1.0]], [[0.9929003213369976, -0.033699903235401604, 0.11407571350121765, -17.20108555630204], [0.03804341058075426, 0.998623266944584, -0.03611467331027575, 2.379980840695493], [-0.11270160069968597, 0.040198099940772836, 0.9928154218991961, 7.674244037914223], [0.0, 0.0, 0.0, 1.0]], [[0.9899399287834983, 0.039553529404127534, 0.13584717778368854, -57.32347203346185], [-0.031305615998799975, 0.9975648770533565, -0.0623239478567641, -4.217840940109612], [-0.13798150530796469, 0.05744418492061481, 0.9887675509500434, -3.9551233483987733], [0.0, 0.0, 0.0, 1.0]], [[0.9191055113639971, 0.38933971948068136, 0.06049497346911914, -30.911295763449232], [-0.38710720417319516, 0.9209098322068285, -0.045531235674018816, 32.91640155977376], [-0.07343753439173438, 0.018429969601041398, 0.9971295125323326, 34.38611550236236], [0.0, 0.0, 0.0, 1.0]], [[0.9646545010920229, 0.2527929147054678, 0.07441394894515885, -47.67747635203153], [-0.2488679213795764, 0.9667909029756698, -0.05813869306835377, 11.451175378196671], [-0.0866397785725913, 0.037564507160367536, 0.9955312433925366, 23.49411413696666], [0.0, 0.0, 0.0, 1.0]], [[0.8236399367352689, 0.5602052261154855, 0.08824601547727895, -46.09805156505031], [-0.5611426669791265, 0.8275616060870739, -0.01614606534527269, 47.22595333868717], [-0.08207412448678589, -0.03622006023569774, 0.9959678435201853, -4.272502374897096], [0.0, 0.0, 0.0, 1.0]], [[0.8757375241165946, 0.47877699749357133, 0.06209972242433049, -60.85097375081166], [-0.4802923918787247, 0.8770347586184054, 0.011368838048389441, 27.004520202014234], [-0.04902047692089409, -0.03978214230276565, 0.9980051973793778, -8.85333191779699], [0.0, 0.0, 0.0, 1.0]], [[0.9466073841540128, 0.3199506602657872, 0.03957316338860675, -30.159674858092817], [-0.31424983999244943, 0.9431394829874615, -0.10832799128047678, 30.733260260188644], [-0.07198262519396391, 0.09010821619380611, 0.9933272426771318, 23.98930125407903], [0.0, 0.0, 0.0, 1.0]], [[0.9662783470650704, 0.24293827584902827, 0.0853648061012077, -56.5775864523981], [-0.2363886216221756, 0.9683555521142393, -0.08004963620837928, 12.894987217316842], [-0.1021106045460656, 0.0571709613092842, 0.9931288464354509, 5.41872817967252], [0.0, 0.0, 0.0, 1.0]], [[0.9737885013001121, 0.19945528249424124, 0.10933226889084426, -44.523547927730604], [-0.1935946059176072, 0.9791247555286546, -0.0619341720744926, 16.95006930806164], [-0.11940302883630614, 0.03914464709368262, 0.9920738950847459, 1.5411489985596178], [0.0, 0.0, 0.0, 1.0]], [[0.9592943481507544, 0.264664822856264, 0.09852352586300307, -64.89681893212668], [-0.25770886706499074, 0.9630778804592054, -0.07789182246089082, 13.618733985378013], [-0.1155010538570721, 0.049330798824491734, 0.9920816392037691, -7.489502754512827], [0.0, 0.0, 0.0, 1.0]], [[0.8946539423154112, 0.44421333185244144, 0.047632334648252686, -32.832485341360176], [-0.44288259308977096, 0.8958504237121409, -0.03615282938937439, 36.34828998211843], [-0.05873101597598268, 0.011248739455122423, 0.998210465594856, 19.142410293333487], [0.0, 0.0, 0.0, 1.0]], [[0.9285544824282217, 0.36145985364682426, 0.08445914612443327, -57.33725164899348], [-0.3602975417997618, 0.9323816342369579, -0.029157666413188538, 18.72826936221827], [-0.08928748252415147, -0.003355940886027161, 0.9960002425327333, 4.934051783176095], [0.0, 0.0, 0.0, 1.0]], [[0.9946209667083916, 0.06602965047354824, 0.07980737962374375, -25.172319165073016], [-0.06254800298835174, 0.9970102856863284, -0.045367803096868754, 4.7458061605752615], [-0.08256439853978502, 0.04013197595444509, 0.9957773569426844, 11.599852590853002], [0.0, 0.0, 0.0, 1.0]], [[0.9816463040964613, 0.12732304686866122, 0.14198371522762449, -59.98489943958248], [-0.11673943122960155, 0.989889484021157, -0.08056497142380398, 2.73697011741361], [-0.15080596423864517, 0.06251120827827554, 0.9865849735271883, 3.1942354956956005], [0.0, 0.0, 0.0, 1.0]], [[0.9223284492688228, 0.3597354232311803, 0.14106968824682026, -40.80219047723456], [-0.3626331490774156, 0.931915727022043, -0.00550244665364947, 27.98544248916814], [-0.13344448605906586, -0.04608148219906873, 0.9899843767144865, 41.70284000482732], [0.0, 0.0, 0.0, 1.0]], [[0.9570405097180885, 0.24051993060408594, 0.1619371042743098, -61.43621597996704], [-0.24144763492369525, 0.9703095777998199, -0.014225428629316965, 9.991667569918656], [-0.1605506223852676, -0.025485019367064116, 0.9866985413182504, 29.05519006888658], [0.0, 0.0, 0.0, 1.0]], [[0.9096913527652374, 0.4147940299217503, 0.020188002511952758, -30.749539012272372], [-0.41188466303714966, 0.9073842195816573, -0.08369529502282812, 34.88439781391126], [-0.05303458361222965, 0.06782175753737356, 0.9962868774332104, 11.8309336976563], [0.0, 0.0, 0.0, 1.0]], [[0.8893331158157575, 0.4571963498170496, -0.007622783442097452, -49.7106740320929], [-0.4565770991503042, 0.8869710574516187, -0.0694240287987668, 30.171963849628018], [-0.024979224266028034, 0.06522147619553398, 0.9975581173034204, 4.275840847155374], [0.0, 0.0, 0.0, 1.0]], [[0.9985834520572543, 0.009408460160973294, 0.05236955370077186, -12.678910883816174], [-0.007082849550986454, 0.9989879496191207, -0.044417448801427686, 9.671913852112995], [-0.052734452871502746, 0.04398360368579109, 0.997639474002085, 14.4271273030477], [0.0, 0.0, 0.0, 1.0]], [[0.9862907754248024, -0.1631014934188791, 0.025068090403502816, -11.041549043123341], [0.16344320244585742, 0.9864768944646222, -0.01223340760718374, -19.136986949721706], [-0.022733804921072263, 0.016162906049727664, 0.9996108915882439, -3.4880897910291195], [0.0, 0.0, 0.0, 1.0]], [[0.8366297631414432, 0.5440128644568505, 0.06403626106625984, -48.63794339213235], [-0.5411044628614237, 0.8389644701723117, -0.057832327118529536, 48.150125629331434], [-0.08518567777122726, 0.013733939491181435, 0.9962704347759747, 25.224740032998213], [0.0, 0.0, 0.0, 1.0]], [[0.9134035907903689, 0.4035418961187367, 0.0533649548688684, -62.29214321693925], [-0.39997411617751083, 0.9141147726303653, -0.06644462993317589, 28.07562495294768], [-0.07559488553652675, 0.03934616291117167, 0.9963620289557847, 3.876881559899934], [0.0, 0.0, 0.0, 1.0]], [[0.9737796364085004, 0.20885261468858934, 0.0901876103124586, -24.631070795870606], [-0.2100863702959056, 0.977673355572376, 0.004304279236648752, 13.325961295664422], [-0.08727506363231116, -0.023138607166270444, 0.9959154924622797, 35.994206458673005], [0.0, 0.0, 0.0, 1.0]], [[0.9743419373730124, 0.2197161734726545, 0.048811803805405576, -38.806821851269945], [-0.2188794281121567, 0.9755052454223508, -0.02193882637640441, 6.941763558976819], [-0.0524364856326043, 0.010692018893226062, 0.9985670211390353, 17.560637852674297], [0.0, 0.0, 0.0, 1.0]], [[0.9931900744571385, -0.07501976988403868, -0.08913759098365834, 7.625236786541389], [0.0750400723746037, 0.9971756127304269, -0.003128084671497842, -7.968606100061636], [0.08912050009867718, -0.003582108630918365, 0.9960144100161987, 24.753885358960506], [0.0, 0.0, 0.0, 1.0]], [[0.9950944316528534, 0.08765483526148374, -0.04586613073679054, -23.150339522405233], [-0.0871905319160383, 0.9961189971796012, 0.012031400670772125, -15.099141965129203], [0.04674273459780176, -0.007973287476598447, 0.9988751390685081, 15.932570866186278], [0.0, 0.0, 0.0, 1.0]], [[0.8728652748690662, 0.4807952221147707, 0.08331966346163462, -40.067738937439124], [-0.48034308300985135, 0.8766737751514433, -0.026713565211521215, 39.470114765881995], [-0.08588791843060964, -0.016704680581417625, 0.9961647550050813, 5.352612559145313], [0.0, 0.0, 0.0, 1.0]], [[0.9406062527590472, 0.3288792776480184, 0.08425139764002705, -57.82517624708107], [-0.3260314266474826, 0.9442401287748685, -0.045979213231898235, 20.177146663918844], [-0.09467516099161297, 0.015779732093242717, 0.9953831493180288, -13.062218916986803], [0.0, 0.0, 0.0, 1.0]], [[0.9494166886787034, 0.3013853714142386, 0.08817487825827047, -36.069617202110486], [-0.2997470290611568, 0.9534957871928184, -0.03158326098664822, 25.13747163448527], [-0.09359310779843465, 0.003555517267873036, 0.9956041826296135, 27.80650028423052], [0.0, 0.0, 0.0, 1.0]], [[0.9719204021563569, 0.23259362003704206, 0.03565024249970519, -40.93052171139901], [-0.23164005981015096, 0.9723710878193352, -0.028937005100589348, 6.7320102261163015], [-0.04139582784983796, 0.0198664413296873, 0.9989452987754235, 9.03247508477669], [0.0, 0.0, 0.0, 1.0]], [[0.9362791677365456, 0.3432689607278839, 0.07448315691053824, -36.28905498828675], [-0.34174754090119397, 0.9392230049134913, -0.03269197652723473, 27.28452572360595], [-0.08117843525560316, 0.005154380861847781, 0.9966862565558848, 19.85615404297665], [0.0, 0.0, 0.0, 1.0]], [[0.9948501475254932, 0.07714717254025198, 0.06573809958884942, -39.41879120423749], [-0.07294186453244132, 0.9952718459818711, -0.06413608184453817, -2.8891525987166853], [-0.07037519710125037, 0.059010730929915704, 0.9957736014115237, -1.0112433998950594], [0.0, 0.0, 0.0, 1.0]], [[0.9916536749104364, 0.1208726317123393, 0.04486419440444112, -18.89847892285074], [-0.11727111427351782, 0.9902094397592905, -0.07571493359066397, 8.690872086020649], [-0.0535768120895021, 0.06982171807198904, 0.9961196980743834, 10.822275115495932], [0.0, 0.0, 0.0, 1.0]], [[0.9979128240218204, 0.05194809606557009, 0.038358714367898505, -29.652147768321317], [-0.04939247792696325, 0.9966746078290248, -0.06480824973022899, -10.184764138856465], [-0.04159782178227819, 0.0627783515554811, 0.997160217717768, -5.574895858924162], [0.0, 0.0, 0.0, 1.0]], [[0.9776670313311082, 0.053856280810726014, 0.20314201157183454, -57.41715767408126], [-0.036088610089536836, 0.9952715731835716, -0.09017820043948026, 2.926366322506262], [-0.20703813192265008, 0.08083314066602824, 0.974987802641676, 11.295046365451375], [0.0, 0.0, 0.0, 1.0]], [[0.9844388552428465, 0.027607957643022013, 0.17354521302223652, -64.83986160435694], [-0.017106008975966567, 0.9979468188079288, -0.06172140056776387, -14.313750782463735], [-0.17489289506742836, 0.05779227894722017, 0.9828898858717686, 5.8979522409789], [0.0, 0.0, 0.0, 1.0]], [[0.94940113760096, 0.2811041177677268, 0.14006410994979626, -45.72435555209077], [-0.2778135088116692, 0.9596755096532066, -0.042925173192478086, 23.854987289833925], [-0.1464825390404921, 0.0018415064169206251, 0.9892115418909981, 11.876162212083868], [0.0, 0.0, 0.0, 1.0]], [[0.9184814228633813, -0.36661754052786494, 0.14826818550233337, -12.661112084158106], [0.3564362022794573, 0.9298578664819306, 0.09120077766261352, -53.4039373925417], [-0.17130414343924347, -0.030918071074486464, 0.9847329401018214, 6.22732192134914], [0.0, 0.0, 0.0, 1.0]], [[0.9514238522094641, 0.3045591294220611, 0.045126379564282254, -30.490259262582118], [-0.3017836543630545, 0.9515332222504845, -0.05925498217778737, 27.432403258273748], [-0.06098589514128662, 0.042758199673110224, 0.9972223708654598, -5.507820936233953], [0.0, 0.0, 0.0, 1.0]], [[0.9687730191269611, 0.24222288362662187, 0.05298029878392621, -47.021584265461506], [-0.2392162950193416, 0.9692755867336621, -0.0572747864189155, 9.933118137450146], [-0.06522577411460341, 0.042812516974796135, 0.9969516973160891, -17.971266576496088], [0.0, 0.0, 0.0, 1.0]], [[0.9786630341959434, 0.1657581269675688, 0.12142038067224306, -38.93170073080454], [-0.16355691661191202, 0.9861379857859072, -0.027946520687131042, 14.642136159482368], [-0.12436961255384307, 0.007491083654290709, 0.9922076814552939, -5.173772567671412], [0.0, 0.0, 0.0, 1.0]], [[0.9788289365396757, 0.18959916312955494, 0.0771107666488946, -44.631850832873205], [-0.18817010452088978, 0.981806368748358, -0.025461069297279943, 2.259440603695261], [-0.08053523922610104, 0.010412090363411057, 0.9966973781529971, -9.352332873583604], [0.0, 0.0, 0.0, 1.0]], [[0.9965284456725629, 0.07069110198875506, 0.0439752778847646, -11.569123805146964], [-0.07211991163534114, 0.9968889343152587, 0.031798914847842336, -1.7403103514416514], [-0.04159056757411979, -0.03486001634258328, 0.9985264162501948, 22.589397713736645], [0.0, 0.0, 0.0, 1.0]], [[0.9966032460860048, 0.06563394629289393, 0.04974087840858748, -28.826086479373803], [-0.06721731697666898, 0.997261113196867, 0.030856189068034803, -15.545282817555165], [-0.04757943031704319, -0.034094826577734966, 0.9982854003797406, 10.567507808407054], [0.0, 0.0, 0.0, 1.0]], [[0.884307051201438, 0.4605994934243363, 0.07647970876421276, -42.616592225121735], [-0.45891159767823825, 0.8876080440109928, -0.03939677300726627, 39.5402412791054], [-0.08603013839243383, -0.0002585811740432372, 0.996292501439188, 1.0334660180867652], [0.0, 0.0, 0.0, 1.0]], [[0.8481231060446051, 0.5259373780388541, 0.06385194887288388, -66.56574624955226], [-0.524935570970389, 0.8505049003823378, -0.03292507791366224, 42.023221586104434], [-0.07162292456498676, -0.005593639892263529, 0.997416095653922, -13.122048208112284], [0.0, 0.0, 0.0, 1.0]], [[0.8857211363223311, 0.4578194707258773, 0.07680755754579441, -37.02008829118806], [-0.4551475610342083, 0.8889932743972113, -0.050315561818708436, 41.74290994122267], [-0.09131684596220459, 0.009606784102800059, 0.9957755486768665, 18.381660588648106], [0.0, 0.0, 0.0, 1.0]], [[0.8863816795370008, 0.4545484279689536, 0.0878250807692189, -61.24241065524366], [-0.45005004625175327, 0.8905055835268533, -0.06674400030187311, 39.24840222772051], [-0.10854710521226203, 0.019634977424341463, 0.9938973757946972, -1.790531732777913], [0.0, 0.0, 0.0, 1.0]], [[0.9800560435249643, 0.19279178585396242, 0.0481817274226756, -17.935719292157657], [-0.19538272719902539, 0.979095642940083, 0.056544777725417175, 4.745116582539076], [-0.036273150710469895, -0.06483092844457329, 0.9972367869541068, 24.03535197982504], [0.0, 0.0, 0.0, 1.0]], [[0.9998765085485629, -0.015535350982523208, -0.0023707641346333037, -12.892263767438312], [0.01561793486769544, 0.9990740786544672, 0.0400882211028992, -21.12486892543857], [0.0017457844084172922, -0.040120296990131046, 0.9991933316461933, 10.08579639634289], [0.0, 0.0, 0.0, 1.0]], [[0.9654628536130245, -0.25521619357531095, 0.05240393907261846, 3.088920364581866], [0.2546592861548569, 0.9668786587239778, 0.017155386303425627, -9.743091139676029], [-0.0550465827140607, -0.003217738499403464, 0.9984786026202329, 2.3313763393695237], [0.0, 0.0, 0.0, 1.0]], [[0.9986731633678226, -0.007828109662973304, 0.050898265864449475, -25.938400898936575], [0.008253777213224308, 0.9999326563859006, -0.008158299746258545, -7.228844786488384], [-0.050830974126197706, 0.008567577962283553, 0.9986705205808569, -8.033687641827918], [0.0, 0.0, 0.0, 1.0]], [[0.9568966971735842, 0.2902239630369218, 0.01089780791842386, -16.841044635086863], [-0.2904092327177845, 0.955727225582631, 0.04741252822189744, 9.546456813230794], [0.0033449201113513274, -0.048533715696078374, 0.9988159439807618, 20.83820919566885], [0.0, 0.0, 0.0, 1.0]], [[0.9900742849875794, 0.13665463354223192, 0.03283932608581251, -32.89448602419389], [-0.1376995217