[[[0.9961418550440013, 0.041265916880397435, -0.07745016935759286, 25.34963558854327], [-0.05282298510404019, 0.9867094103291235, -0.1536693587305354, 33.8977294932151], [0.07007950395228282, 0.15716762921153862, 0.9850823313073017, -12.298242008878123], [0.0, 0.0, 0.0, 1.0]], [[0.9975102541359939, -0.05454837221017454, -0.04469639787238172, 13.33631822161783], [0.04892814806711189, 0.9917586239682681, -0.11840974669042857, 6.638174498152688], [0.05078709698603348, 0.1159280245401815, 0.9919583478684691, -21.166445850776313], [0.0, 0.0, 0.0, 1.0]], [[0.996274500166895, 0.08531195660692609, -0.012609138634441146, 4.971137658604573], [-0.08621961185313735, 0.9884285802991637, -0.12480032123226262, 25.359746027852466], [0.001816273409738764, 0.1254225326952043, 0.9921017535733038, -3.319314975403489], [0.0, 0.0, 0.0, 1.0]], [[0.9981161070517859, -0.010282242948996455, -0.06048563733421415, 11.166619687103614], [0.007715360856600897, 0.9990658514030529, -0.04251938107672347, 0.8197167155404099], [0.060866329367234705, 0.04197261059587561, 0.9972630495055593, -15.75960214076255], [0.0, 0.0, 0.0, 1.0]], [[0.9671913539379785, -0.22492635566347266, -0.11810596680764181, 47.63492617755033], [0.23059349600855175, 0.9723631066957591, 0.036559928002166675, 5.200584534666941], [0.10661859343553869, -0.06259491404993475, 0.9923277443813151, 35.381642076914986], [0.0, 0.0, 0.0, 1.0]], [[0.9338658145730597, -0.3556680167722173, -0.03734838975259533, 37.69233586555029], [0.3574112098612654, 0.9318063421027755, 0.063199429447975, -23.589676090446137], [0.012323450705897746, -0.07236851982983092, 0.9973018248756682, 32.37824571641845], [0.0, 0.0, 0.0, 1.0]], [[0.993224416554092, -0.0750923077594971, -0.08869274872353938, 35.68123879499466], [0.0760600081661338, 0.9970744517854491, 0.00757712046333921, 8.868628673069583], [0.08786429034910372, -0.01427175224354942, 0.9960302121769944, 18.1046485602196], [0.0, 0.0, 0.0, 1.0]], [[0.9873063875571121, -0.10929942435330414, -0.1152377235325413, 24.84435177538442], [0.11031496158974248, 0.9938936526219724, 0.002452861025201107, -10.446060548288479], [0.11426594566352527, -0.015134170403152583, 0.9933349135854583, 5.288997745612001], [0.0, 0.0, 0.0, 1.0]], [[0.996565465732421, -0.021571352166027957, -0.07994966713659718, 33.61384142248999], [0.015343604136536031, 0.9968581397833451, -0.07770729026154104, 24.23710518476711], [0.0813747277821853, 0.0762136858669053, 0.9937653786306688, 23.99977301059888], [0.0, 0.0, 0.0, 1.0]], [[0.9983520806295261, -0.00881330486242577, -0.05670492712362589, 16.709329167981814], [0.0055735028665703755, 0.9983562849568418, -0.05704090070262456, 12.819532154421074], [0.05711443922941135, 0.0566308568235753, 0.9967601952761438, 4.608268106884633], [0.0, 0.0, 0.0, 1.0]], [[0.9956193360340484, -0.0652359955004158, -0.0669806136594173, 34.16778720524992], [0.06769413606940371, 0.997088231098993, 0.03510788153246633, 8.975937824245097], [0.06449528398991222, -0.039488280475988846, 0.9971364169701711, 26.805080604470252], [0.0, 0.0, 0.0, 1.0]], [[0.9972751100838579, 0.0737267154933944, 0.0025934975963501777, -3.084191066035221], [-0.07366177602931116, 0.9970890476434091, -0.01968181449375662, 6.271960307945807], [-0.004037023585985228, 0.01943714207683633, 0.999802930556041, -0.4162294216481121], [0.0, 0.0, 0.0, 1.0]], [[0.9737874775730685, 0.21989047931308608, -0.05819042558141674, 14.009707586393736], [-0.22199781189942788, 0.9745033725609814, -0.032559919827019466, 31.148237861900476], [0.04954714960269033, 0.04462458935090553, 0.9977743863176259, -4.528584560570481], [0.0, 0.0, 0.0, 1.0]], [[0.9946042613037267, 0.07441022303989342, -0.0722874961775703, 9.019221809576624], [-0.07614628425355176, 0.9968635171255623, -0.02156088167106006, 5.710603110678028], [0.07045641766969302, 0.026948969019416544, 0.997150764066269, -23.799871644169915], [0.0, 0.0, 0.0, 1.0]], [[0.9805524557702816, 0.1962477225346047, 0.0019268842335527583, -2.7274861390509844], [-0.19622634645633052, 0.9805251755849934, -0.008099444451122654, 24.245291869230837], [-0.003478856028764636, 0.007563824693728927, 0.9999653424577932, 16.320924383670835], [0.0, 0.0, 0.0, 1.0]], [[0.9973609709261007, -0.06768574605657714, -0.026262776968763085, 10.083487103581191], [0.06767600862058572, 0.9977065546198828, -0.0012604466310895761, -8.166673271957658], [0.026287858994844825, -0.0005202396447544988, 0.9996542791486365, -3.1163207317088903], [0.0, 0.0, 0.0, 1.0]], [[0.9936832081603028, -0.07530866417802462, -0.0832002819704865, 38.535075552246575], [0.07441350674001619, 0.9971318077631037, -0.013812601555705219, 11.566375585531837], [0.08400185613961471, 0.007534125483731109, 0.996437115486117, 13.200128132949587], [0.0, 0.0, 0.0, 1.0]], [[0.9997626152752909, 0.02149613931843645, 0.0035537434227859888, -1.5111960390443684], [-0.021517661010093916, 0.9997496569013667, 0.006133008254926157, 1.2246785858535145], [-0.0034210177677567633, -0.006208020618738272, 0.9999748782431632, -4.530016942416153], [0.0, 0.0, 0.0, 1.0]], [[0.9968147736392345, 0.05623732056319586, -0.05654795160247206, 25.570875376126637], [-0.056227126728689535, 0.9984164302912718, 0.001772553038053933, 19.478661516222203], [0.05655808761263989, 0.0014126217856087276, 0.9983983109086733, 25.288731981704668], [0.0, 0.0, 0.0, 1.0]], [[0.9935686063965018, -0.0887376243420544, -0.07033532831688169, 25.22574967995155], [0.09022313644106997, 0.9957547804123013, 0.01822643510908286, -6.854296154450955], [0.06841936885159913, -0.024455087654269195, 0.9973568762753751, -2.1890560197545175], [0.0, 0.0, 0.0, 1.0]], [[0.982560198451, 0.18182863221881074, -0.03890764610423418, 12.225283692689588], [-0.17866585589714004, 0.9811700315927109, 0.07337493469098602, 14.816707959684615], [0.051516680371295816, -0.06514382249914809, 0.9965451891578834, 12.955321705276665], [0.0, 0.0, 0.0, 1.0]], [[0.9499101972866251, 0.30815297549376885, -0.05208033011818359, -3.9037520405654544], [-0.3052203099593855, 0.9505557303375297, 0.057309387632227635, 13.922460962595046], [0.06716531455430647, -0.03854279721064594, 0.9969971280319709, -21.540797139400613], [0.0, 0.0, 0.0, 1.0]], [[0.9772042286501518, 0.17892450881868435, -0.11427123720453289, 25.40041717137622], [-0.17377685461310644, 0.983325044330713, 0.05360468256390573, 14.176797867298433], [0.12195696088800108, -0.03252502630274587, 0.9920023298132763, -1.63859916586149], [0.0, 0.0, 0.0, 1.0]], [[0.9757612662724817, 0.20414216438530364, -0.07884115652634151, 3.232653089847211], [-0.20117245060724603, 0.97856636337041, 0.04401724203864464, 4.057313040446795], [0.08613707888593981, -0.02708965116233656, 0.9959149333356249, -12.367132256248821], [0.0, 0.0, 0.0, 1.0]], [[0.9736983323095006, 0.2170281424481201, -0.06935663661981703, 15.89830830205805], [-0.21707801517582806, 0.9761298122153351, 0.006908330607095283, 27.285530997737887], [0.06920038283866471, 0.008329171025529684, 0.9975680086715942, 7.55472963403262], [0.0, 0.0, 0.0, 1.0]], [[0.9943592248555161, 0.07032492459253398, -0.07939859523814231, 10.890188949653774], [-0.06939152597865135, 0.997484729793349, 0.014457868149999465, 0.8186760953750615], [0.08021563480450736, -0.008866724882560755, 0.9967380965543381, -17.88868655641098], [0.0, 0.0, 0.0, 1.0]], [[0.9872964515058569, -0.11228354087355567, -0.11241940799007048, 43.52457027430727], [0.11194213905772889, 0.9936705990714034, -0.009364723394616479, 12.19673326108805], [0.11275936478679467, -0.003338710825173295, 0.993616716175257, 16.144169753387263], [0.0, 0.0, 0.0, 1.0]], [[0.9778601561573381, -0.1806382492768603, -0.10563776738522673, 33.64394580804798], [0.1799216218690382, 0.9835449854553954, -0.016354558066890252, -5.984267798298737], [0.10685375512334293, -0.0030140477334006273, 0.9942701798466551, 1.8695065826059472], [0.0, 0.0, 0.0, 1.0]], [[0.9926140356372437, -0.09151801194689196, -0.07963560601411705, 37.57084957052549], [0.09391255004214412, 0.9952182191954285, 0.02685384750944492, 5.058689135182536], [0.07679719526472902, -0.034134288783674464, 0.9964622627720053, 7.128785774702662], [0.0, 0.0, 0.0, 1.0]], [[0.9933579464063992, -0.10792763091831192, -0.03989507232254709, 16.836599590956023], [0.10831126684779743, 0.9940881556339856, 0.007576826647398458, -10.958697548867406], [0.03884146991407287, -0.01184758678297659, 0.9991751472601446, -1.5394968976778807], [0.0, 0.0, 0.0, 1.0]], [[0.9851354726432215, 0.15886121494023747, -0.06535453257220547, 14.558395404262583], [-0.16011096559469906, 0.9869951756288282, -0.01431789026895428, 27.58879751273095], [0.062230050910736766, 0.024569038913486052, 0.997759381359312, 18.271677355909276], [0.0, 0.0, 0.0, 1.0]], [[0.990661837238885, -0.10950157480340693, -0.081231332341976, 23.70276281690784], [0.11056772571499886, 0.9938302387834803, 0.008731237586045635, -9.797376824740482], [0.07977407015247161, -0.017631267542212697, 0.9966570303450258, 1.650526527424303], [0.0, 0.0, 0.0, 1.0]], [[0.9970891003363338, -0.03807678636202139, -0.0660566751420771, 34.08557116439475], [0.03810129742517348, 0.9992734863570697, -0.0008891559529878685, 14.191211080654284], [0.06604254026764413, -0.0016302773172829686, 0.9978154764638942, 20.976275035567813], [0.0, 0.0, 0.0, 1.0]], [[0.9953529244653063, -0.01023928575562945, -0.09574817379760475, 24.07438252717247], [0.00995760173950183, 0.9999445757948903, -0.003419284423885196, 1.1027438464255575], [0.09577787806147744, 0.0024499725689316526, 0.9953997165503166, 1.6433252740690194], [0.0, 0.0, 0.0, 1.0]], [[0.9677981868831926, -0.23492558793057103, -0.09042476210131907, 42.83748442200321], [0.23871712718656704, 0.9705099403250192, 0.033534891055701795, 0.42596252905957316], [0.07987992647340685, -0.054040946196389224, 0.9953385220520704, 17.59961522653118], [0.0, 0.0, 0.0, 1.0]], [[0.9878014064856258, -0.14750575206167474, -0.049904252862237194, 19.589314627508895], [0.14968636180843004, 0.9877893991814932, 0.043198332759706415, -14.688732377954846], [0.0429228893898597, -0.050141359907588355, 0.997819357195, -0.975692705569494], [0.0, 0.0, 0.0, 1.0]], [[0.9925072339596905, 0.07919536611905283, -0.09304560453323045, 30.922869085775396], [-0.08070598953228768, 0.9966585573755725, -0.012580272797378592, 22.308391725683162], [0.09173839867416159, 0.019995349342068824, 0.9955823683720951, 15.764873351376856], [0.0, 0.0, 0.0, 1.0]], [[0.9901089628564437, -0.07384123159843779, -0.11929674843583588, 29.52806078613114], [0.07003536402599067, 0.996902199477367, -0.03579179323441278, 2.161871724603568], [0.12157010099972868, 0.027082784074275945, 0.9922133003289676, -7.019715089907436], [0.0, 0.0, 0.0, 1.0]], [[0.9975768892044408, -0.021860669359136244, -0.06604893080409172, 29.66380509024798], [0.024830133451268187, 0.9987017745040802, 0.044477298425077326, 6.224047291903229], [0.06499088088328549, -0.046009528769285386, 0.9968246127902569, 17.39968618962359], [0.0, 0.0, 0.0, 1.0]], [[0.9913276988777954, -0.10130113745465485, -0.08371065038599597, 25.052421913087635], [0.10629249324872125, 0.9926719884664239, 0.057482425080056, -19.181865643619613], [0.07727418273022267, -0.06588173392152685, 0.9948307885358533, -5.646840117674072], [0.0, 0.0, 0.0, 1.0]], [[0.9999381001937923, 0.006425881234944378, -0.009083161959476059, 13.185622375347277], [-0.0062374006020442935, 0.9997677477285087, 0.020628752642680166, 6.446248599732905], [0.009213610288985558, -0.020570820407014787, 0.9997459430941554, 7.137900359619293], [0.0, 0.0, 0.0, 1.0]], [[0.9994995012045651, 0.01914415567655179, 0.02518428865892141, -10.98462694755424], [-0.019276543855057577, 0.9998015647989504, 0.005024528094502153, -4.047515122087277], [-0.025083100861495705, -0.005507479369035344, 0.9996701984765619, -6.988429148244396], [0.0, 0.0, 0.0, 1.0]], [[0.9383820437670481, -0.33532469484680866, -0.08364501755317086, 51.572700441731854], [0.3390734656837356, 0.9401027035259457, 0.03515809568828944, -5.3207282355106225], [0.06684552943014055, -0.06135353167586517, 0.9958752026966535, -6.732364170027907], [0.0, 0.0, 0.0, 1.0]], [[0.9713356407929402, -0.21379992221375863, -0.10390700739968084, 38.11971431154834], [0.21848596161427547, 0.9751796481114912, 0.03589621827755622, -20.499122809062087], [0.09365339023682938, -0.057569498612854306, 0.9939390299845405, -19.24205172034468], [0.0, 0.0, 0.0, 1.0]], [[0.9948235750360207, 0.014585091430367887, -0.10056505188444526, 25.03087140661493], [-0.013260064347086698, 0.999816410049322, 0.013831734873198151, 13.254673921480926], [0.10074832626929572, -0.012426636876449496, 0.9948343346758188, 26.424792498363402], [0.0, 0.0, 0.0, 1.0]], [[0.9846202552827754, -0.143785894611913, -0.09923995867359725, 20.469685964752887], [0.14883435026954606, 0.987816760794554, 0.04545748863718251, -20.398520273853094], [0.09149474884783003, -0.059528678836417964, 0.9940246713886259, 7.691608229161953], [0.0, 0.0, 0.0, 1.0]], [[0.9945535667974984, 0.08365813566521464, -0.06216525643312688, 20.601489946373338], [-0.08268753790095659, 0.9964124155890259, 0.018029673760888713, 12.970928750985328], [0.0634505622217311, -0.012791184349650223, 0.9979030071889163, 5.788127502078914], [0.0, 0.0, 0.0, 1.0]], [[0.9959496083288161, 0.02583712158392397, -0.08612096619254442, 11.30736311377051], [-0.024366914003046268, 0.9995395900763562, 0.018079307839526507, -6.0173467021093145], [0.08654843251987873, -0.01590757738455949, 0.996120634165415, -14.712977840846504], [0.0, 0.0, 0.0, 1.0]], [[0.9847116986463299, 0.05115419867473403, -0.16651161673289994, 42.612972947462225], [-0.046257390313635634, 0.9983791071783944, 0.033157385165967335, 17.110747077254995], [0.1679378587169382, -0.024948072222482104, 0.9854818462569218, 9.528041378836196], [0.0, 0.0, 0.0, 1.0]], [[0.9935305435749202, -0.017309450248795093, -0.11223832641216802, 25.200739732766475], [0.017667822441939016, 0.9998414936121992, 0.002199022847660338, 1.8542491856357501], [0.11218247204389821, -0.004167803187400229, 0.9936788829308538, -8.414092051632075], [0.0, 0.0, 0.0, 1.0]], [[0.9960679742833217, 0.048082816910221836, -0.07440855680023913, 27.14880722779986], [-0.0465256624414848, 0.998663171632091, 0.022521819644839763, 13.479576961313356], [0.07539199786116137, -0.018971355874363906, 0.9969734872677364, -0.9865071057048951], [0.0, 0.0, 0.0, 1.0]], [[0.9985878154962531, -0.04897011900093576, -0.020598596735190416, 9.234632037200594], [0.049193688169900725, 0.9987341655406047, 0.01049035872391022, -7.468562275882717], [0.02005880820655543, -0.011488865346410037, 0.9997327893924395, -1.9271363213765567], [0.0, 0.0, 0.0, 1.0]], [[0.9969849582501483, 0.04659740193072348, -0.06204575050929182, 23.60323886937392], [-0.04810107874315735, 0.9985784331071106, -0.02296517269907667, 18.027221871469436], [0.06088743094185583, 0.025880399275522, 0.9978090627402848, -0.5456885650376814], [0.0, 0.0, 0.0, 1.0]], [[0.9995350022051247, -0.0020064892849368117, -0.03042619541698051, 6.768881761635827], [0.0013144612971887368, 0.9997403792102793, -0.02274744750484748, -0.5510864079020559], [0.03046393865377627, 0.022696875935622345, 0.9992781395910065, -27.704749657811366], [0.0, 0.0, 0.0, 1.0]], [[0.9980420712136614, 0.0006170849862897103, -0.06254313146673408, 29.989395776226278], [-0.0022540922126942295, 0.999656616093338, -0.02610687589725226, 17.663240168146547], [0.06250554500076105, 0.026196738479008323, 0.9977007505946965, 4.184451810374245], [0.0, 0.0, 0.0, 1.0]], [[0.9967808121776373, 0.0325074092361327, -0.07328902250162089, 15.18891915169864], [-0.034128079124020806, 0.9991974378504045, -0.020970322088438263, 4.36393488153822], [0.07254851266423777, 0.023404028241797593, 0.997090249060867, -2.022049880444577], [0.0, 0.0, 0.0, 1.0]], [[0.9904035911220188, 0.07701657292388406, -0.1147570223893428, 33.12555405749091], [-0.07295763762425785, 0.9965657080695366, 0.03916596241828827, 14.406237920019219], [0.11737934147410917, -0.030417708574502225, 0.9926212032795688, 9.46176030968366], [0.0, 0.0, 0.0, 1.0]], [[0.9949457900843264, -0.016218938110603116, -0.09909500915808009, 19.540070250510336], [0.018045565261127397, 0.999682870848551, 0.017564603793026146, -3.624701480858304], [0.09877870402005666, -0.01926405405318473, 0.994922943676321, -0.6146661420358411], [0.0, 0.0, 0.0, 1.0]], [[0.9632981464521205, 0.2602321930148823, -0.0658474506763364, 13.453218025804084], [-0.26443309935235937, 0.9621409869741369, -0.066029214377717, 37.74983088542913], [0.046171603922898055, 0.08101806528853978, 0.9956426347279872, 1.5015281018787772], [0.0, 0.0, 0.0, 1.0]], [[0.9960963490404922, 0.03385133076606565, -0.08152392798174006, 16.61967765502106], [-0.037510641891579356, 0.9983367110027928, -0.04378085436591498, 7.092701921326732], [0.07990628994695739, 0.046667964059879254, 0.995709338088893, -25.779266697407135], [0.0, 0.0, 0.0, 1.0]], [[0.926985806786426, 0.3610260345005985, -0.10177188427700647, 20.711862193203146], [-0.3582410022656235, 0.9325405478183342, 0.04507228605698726, 34.565823068197325], [0.11117867741721454, -0.005322507628389081, 0.9937861805239124, 30.582170212150494], [0.0, 0.0, 0.0, 1.0]], [[0.9954305698168311, 0.02702044698715102, -0.09158534882149127, 20.610289320837243], [-0.023742961247628726, 0.9990446427876898, 0.0366888744500527, 2.496961863501144], [0.09248920188504865, -0.03434671981183491, 0.995121123468312, 9.20782411012657], [0.0, 0.0, 0.0, 1.0]], [[0.9653242724695023, -0.25386763552415686, -0.06082986613991627, 46.149430773489165], [0.2541567420064826, 0.9671581833773152, -0.0030657493275170855, 4.3868404295645815], [0.059610397363853276, -0.012500878355652292, 0.9981434408773423, 4.968632553118371], [0.0, 0.0, 0.0, 1.0]], [[0.969720357062044, -0.22905029732874488, -0.0847253822244358, 37.487041105007016], [0.22891422384930302, 0.9733792666384826, -0.011449078469585513, -11.718683955778706], [0.0850923452428851, -0.008292440650684437, 0.9963385610369209, -9.734892178833508], [0.0, 0.0, 0.0, 1.0]], [[0.9892624938433499, 0.14559350586697942, 0.01273771267528567, -1.58759524193878], [-0.14472970754049178, 0.9880429135762142, -0.05314614461150663, 24.323067794996216], [-0.020323140261288678, 0.0507319621263095, 0.9985055022325787, 19.879224812948145], [0.0, 0.0, 0.0, 1.0]], [[0.9995206724379782, 0.0014701734278687005, -0.030923517898589117, 4.749790716165169], [-0.002307049195868348, 0.9996315679504504, -0.027044516651855702, -1.3501158927198882], [0.030872364553759357, 0.027102895546724258, 0.999155808750489, 3.066043426614059], [0.0, 0.0, 0.0, 1.0]], [[0.9947102173383069, -0.08061611482592711, -0.06366023525836731, 33.575001017279156], [0.08080193367611657, 0.9967301179819588, 0.00034557469891130564, 13.891443264864183], [0.06342421491022329, -0.005487616791013257, 0.9979715702488613, 21.36834287903767], [0.0, 0.0, 0.0, 1.0]], [[0.9144390475715725, -0.3799225796767565, -0.13949932518888603, 52.77083720383616], [0.38446609992918684, 0.9231186596351166, 0.006144773283443667, -18.961774149947374], [0.12643989197099298, -0.059251782126979895, 0.9902031003956415, 10.392155310075179], [0.0, 0.0, 0.0, 1.0]], [[0.9936977808819358, 0.08737929908532435, -0.0702109561370479, 26.94166720735707], [-0.08756074527576135, 0.9961590589628898, 0.0004951090071078903, 18.96100083378994], [0.06998454227237808, 0.005655734924225931, 0.9975320428464423, 11.3150118576418], [0.0, 0.0, 0.0, 1.0]], [[0.990449492839565, -0.09049162185068081, -0.1040243649760996, 26.32370011501042], [0.08610882946149312, 0.9952284325216132, -0.04588721596852745, 1.352033132030174], [0.10768041429442428, 0.03649155348028052, 0.9935156238841819, -4.236658301395522], [0.0, 0.0, 0.0, 1.0]], [[0.9900144414155365, -0.06414269051408013, -0.1255273716856123, 40.7635717151695], [0.06079221710200179, 0.997689035167564, -0.03034625918030372, 16.178795394854816], [0.12718377305500092, 0.022412147599684074, 0.9916259292250602, 31.199921582293054], [0.0, 0.0, 0.0, 1.0]], [[0.9686345211907597, -0.23793836694401235, -0.0716414537370988, 32.14249380700245], [0.2340579974789849, 0.9704594624518852, -0.05852593915287863, -2.674865360966951], [0.08345069306887706, 0.03992198985039942, 0.9957119144374588, 20.22438492937991], [0.0, 0.0, 0.0, 1.0]], [[0.9976505013140253, 0.03962206196976353, -0.05588890259375971, 24.961503687236558], [-0.04210182661617814, 0.9981478400475077, -0.04391270435845603, 23.749253099838928], [0.054045475513236275, 0.04616255640403923, 0.9974708541921355, 3.8886464847070097], [0.0, 0.0, 0.0, 1.0]], [[0.9587271696554833, -0.2630416623391092, -0.10794117860327775, 43.57255276101928], [0.2563084177403302, 0.963882278856001, -0.07236675689023953, -0.5360167245759156], [0.12307806124502861, 0.04171374331369333, 0.9915199213626132, 1.4199846770922118], [0.0, 0.0, 0.0, 1.0]], [[0.9887813857758558, -0.07194258802120009, -0.13090315187951695, 37.39780838417207], [0.07383380297558394, 0.9972239140154001, 0.009645457685869326, 8.480834911134028], [0.12984583428567373, -0.019202326541831446, 0.9913482384984796, 15.092897353660607], [0.0, 0.0, 0.0, 1.0]], [[0.9842652683667064, -0.14307724044657996, -0.10368599111357468, 30.162807419820144], [0.1420052223152421, 0.989707884628016, -0.017686716493883623, -8.667131095195934], [0.10514940951908128, 0.002684468537318809, 0.9944528120059083, -0.8078492049909307], [0.0, 0.0, 0.0, 1.0]], [[0.98219620230328, -0.17022564619204814, -0.07945973546085193, 40.539618141588114], [0.16767853011489806, 0.9851188550421827, -0.03774588691343674, 11.835133625911682], [0.0847026016100812, 0.023750175133552435, 0.9961231843811308, 14.714972409062664], [0.0, 0.0, 0.0, 1.0]], [[0.9870678512990633, -0.15615131878083272, -0.036246690536571806, 23.950893972528196], [0.15521694709382067, 0.9875026269987768, -0.02731777819270375, -5.271218787013359], [0.040059409215829386, 0.021338399975595338, 0.9989694271696982, 0.45967314028134526], [0.0, 0.0, 0.0, 1.0]], [[0.9951015001098117, 0.08095169668603344, -0.056743521946167615, 14.389077291555765], [-0.08154140538960133, 0.9966366192881494, -0.008151582728426856, 15.278193863339528], [0.05589278742638861, 0.012738598727572985, 0.9983555100344598, 25.29308786883286], [0.0, 0.0, 0.0, 1.0]], [[0.9963164113898149, -0.031950366487302685, -0.07957878157304021, 16.706201482726094], [0.031093729370659483, 0.9994446640607657, -0.011980962995065278, -4.945696985683333], [0.0799173847741952, 0.009462428958358667, 0.9967565771285708, 2.302882982864282], [0.0, 0.0, 0.0, 1.0]], [[0.9811124875808104, -0.12770974862240345, -0.14528766919390312, 42.1147776393856], [0.13660476075654077, 0.9892095172799529, 0.05294969557431832, -0.4955900314607813], [0.13695775279860126, -0.07179659483267466, 0.987971569893988, 24.39809131655622], [0.0, 0.0, 0.0, 1.0]], [[0.9903249014368294, -0.10258362953921031, -0.09345153045667841, 23.94295704657847], [0.10709664378879334, 0.9932469831071379, 0.04461770318768628, -14.517147639063529], [0.0882434047581447, -0.05419436778051962, 0.9946235830793283, 6.993687849848535], [0.0, 0.0, 0.0, 1.0]], [[0.9885815893076215, -0.05574028567531847, -0.13999807796840788, 41.375195403652725], [0.06672434795784789, 0.9949465169380396, 0.07502859336586709, 1.7275473099733683], [0.13510848482465695, -0.08351316654093828, 0.9873050432073607, 17.484925219394384], [0.0, 0.0, 0.0, 1.0]], [[0.9910512150638949, -0.07330061842262886, -0.11155495712534351, 26.84946616936165], [0.08084297932974746, 0.9946275640278069, 0.06465617966753555, -13.82766903462329], [0.10621629730633186, -0.07309602051391556, 0.9916526962457987, 10.764862999051989], [0.0, 0.0, 0.0, 1.0]], [[0.9813100298963621, -0.15572896371446512, -0.11304474815409545, 47.70778956246554], [0.15459336479838204, 0.9877993463849267, -0.018797415828415754, 11.307495584199607], [0.11459283042633298, 0.0009701246986297179, 0.9934120706297825, 20.532711838871908], [0.0, 0.0, 0.0, 1.0]], [[0.9985139219592787, 0.03833983946720057, -0.038729889789724255, 4.8173269734111575], [-0.03732932305799815, 0.9989519514849395, 0.026486227826159194, -1.402141796293261], [0.039704776709188476, -0.025001106656644005, 0.9988986311795683, 9.545784363192654], [0.0, 0.0, 0.0, 1.0]], [[0.9405311158598825, -0.3010768496612877, -0.15733388286506228, 56.778751229295416], [0.29875470860866443, 0.953541723834379, -0.03877892457392623, 10.503888310230952], [0.1616998583286784, -0.010531453128260407, 0.9867837880262785, 37.265043627084296], [0.0, 0.0, 0.0, 1.0]], [[0.9846141790617131, -0.1359873129787723, -0.10973772869639123, 32.19852057122572], [0.1381658219332736, 0.9903306969741903, 0.0124625952400166, -4.4931089614903446], [0.10698188650482988, -0.02743285146365484, 0.9938824450710662, 16.44285808188581], [0.0, 0.0, 0.0, 1.0]], [[0.956219689888702, -0.2730744249824631, -0.10523432467428193, 53.8124678510952], [0.27272127152550074, 0.9619244580194218, -0.0180123602438784, 5.360992995655097], [0.10614618564352245, -0.011475865306732533, 0.9942843113460004, 1.2646402311033595], [0.0, 0.0, 0.0, 1.0]], [[0.9815157636502627, -0.15591403767772488, -0.11098476724789333, 38.752997973363605], [0.15981228768151673, 0.9867757619244798, 0.02708557520822615, -15.405205672395429], [0.10529405686951285, -0.04432164858609525, 0.9934529445598157, -20.448151574358654], [0.0, 0.0, 0.0, 1.0]], [[0.994832273761918, 0.06527261238875283, -0.0777703873825618, 29.05641195001037], [-0.06795046764325091, 0.9971658234605651, -0.03229635380768483, 20.161638225444023], [0.0754419049915206, 0.03741398928416045, 0.9964480480070651, -6.40353715793175], [0.0, 0.0, 0.0, 1.0]], [[0.999920630226688, 0.011909026272833863, -0.004111975230612835, -4.3058620846751765], [-0.011966600965545105, 0.9998265237784748, -0.014273149981105798, 2.3464142926348335], [0.003941282582565735, 0.014321223491192307, 0.9998896783392262, -20.576229712278614], [0.0, 0.0, 0.0, 1.0]], [[0.9985217727760565, 0.008216517459969284, -0.053728559751685556, 28.45116328879638], [-0.006575160467238153, 0.9995084049196027, 0.030654783638093416, 13.035346409117174], [0.053954022621028844, -0.030256195000334583, 0.9980849293056729, 34.19187897162134], [0.0, 0.0, 0.0, 1.0]], [[0.9964209448456266, -0.047136355848150326, -0.0701674043292584, 18.681207819891014], [0.048136717901218845, 0.9987608529188198, 0.012633885648048446, -5.505527449166829], [0.06948494126533863, -0.01596629682255831, 0.9974552222045485, 23.69146427664085], [0.0, 0.0, 0.0, 1.0]], [[0.9972021090794997, 0.0453703848171578, -0.05940944225409734, 28.929180685070563], [-0.04094653876869013, 0.996441400132035, 0.07367439898483122, 6.062462019961116], [0.0625406636538506, -0.0710356550223546, 0.9955112260066603, 21.207688302806734], [0.0, 0.0, 0.0, 1.0]], [[0.9944114062024171, -0.0345737526293737, -0.0997527485518753, 24.110787568534413], [0.04159427857470053, 0.9967366958705202, 0.06918001947793588, -14.600030424509322], [0.09703541211527357, -0.07294254406202356, 0.9926044096523942, 7.05362585036383], [0.0, 0.0, 0.0, 1.0]], [[0.9944973104921945, 0.06929339771571873, -0.07857177901005391, 25.421469232798568], [-0.07321318606826725, 0.9961531517582302, -0.04815316840951714, 23.79359691461959], [0.07493282865024375, 0.05364068675132028, 0.9957448206821466, 7.677991560966495], [0.0, 0.0, 0.0, 1.0]], [[0.995163911426315, 0.08335690916157397, -0.051965518276121864, 3.1173562578383054], [-0.0866817951378885, 0.9940870383510909, -0.06540050897380069, 12.762892780475807], [0.04620666387383958, 0.0695886907290842, 0.9965050719069432, -9.444609378673206], [0.0, 0.0, 0.0, 1.0]], [[0.990476498772524, 0.11142610538417796, -0.08087353348430949, 21.897820610701334], [-0.11254672259714539, 0.993601795263597, -0.009418475545413146, 16.801813736066254], [0.07930662401063898, 0.01843082982050495, 0.9966798703195336, 7.97498899369077], [0.0, 0.0, 0.0, 1.0]], [[0.99815273693172, -0.02245070552829726, -0.05645422550169999, 11.678464564262548], [0.0220721144242739, 0.9997295768957837, -0.007320849992794722, -8.839002565395477], [0.05660331722219884, 0.006061262331967345, 0.9983783479114444, -13.769233329268983], [0.0, 0.0, 0.0, 1.0]], [[0.9951320927819806, 0.0887578924056852, -0.04282702944467468, 18.445570189536536], [-0.08745523828025517, 0.9956737317035803, 0.03139110212798884, 13.525641965970786], [0.04542795629013035, -0.027492845090438953, 0.9985892269878226, 23.487798256536973], [0.0, 0.0, 0.0, 1.0]], [[0.9979483877501806, -0.05322404888402077, -0.03558392905799207, 13.982969236905129], [0.05518925665399929, 0.9968625375816116, 0.05673823328521223, -13.990356056040355], [0.03245244731590888, -0.058585679024310444, 0.9977547578821492, 17.89194935849998], [0.0, 0.0, 0.0, 1.0]], [[0.9865865603407589, 0.14622620880590217, -0.07255931927218733, 18.613641936929405], [-0.14649608519794707, 0.9892099278869206, 0.0016172790816159793, 18.300633857407554], [0.0720128875734504, 0.009034070411760816, 0.9973627873522906, 16.359793085795243], [0.0, 0.0, 0.0, 1.0]], [[0.9776922309972664, 0.20964999442262877, 0.012836716331699033, -23.489346613681285], [-0.2090291926530618, 0.9771525085130531, -0.038467801151836206, 21.02140027591415], [-0.020608203861523424, 0.03492642187856642, 0.9991773851465828, 3.3398539914612804], [0.0, 0.0, 0.0, 1.0]], [[0.9938415296350588, 0.06769816137949236, -0.08772669444636168, 29.686449950034124], [-0.0652236608319736, 0.9973959608338735, 0.03077614953096479, 15.632494108700696], [0.08958173943569504, -0.02486475936165165, 0.9956690492837291, 27.143036895806404], [0.0, 0.0, 0.0, 1.0]], [[0.9958042685050159, -0.04848721467209601, -0.0776070154079556, 18.67486977737675], [0.051474419201344504, 0.99798999112644, 0.036964331176565904, -7.43858546221849], [0.07565872715736653, -0.04080401481213171, 0.9962985443029303, 15.205691327031037], [0.0, 0.0, 0.0, 1.0]], [[0.9867595002766557, 0.1399886413105915, -0.08190768534014486, 24.09474459774037], [-0.1393853572354748, 0.9901520089489294, 0.013066038525061012, 20.53461671035547], [0.0829301561683363, -0.0014763056641177706, 0.9965542683263577, 5.930754489663637], [0.0, 0.0, 0.0, 1.0]], [[0.9778306537548356, 0.1900121148275188, -0.08799209507768604, 1.5443269528841455], [-0.18900165145309913, 0.9817780753761085, 0.019753137947716864, 9.875441269238506], [0.09014204526960777, -0.002684572508624653, 0.9959253007856832, -6.8813280867579865], [0.0, 0.0, 0.0, 1.0]], [[0.9510698278531684, -0.30014209251930046, -0.0733546647833702, 44.901512034910084], [0.30131825756651, 0.9535090700769411, 0.00526886497147704, 4.515277545391944], [0.06836293004565637, -0.027114158278304802, 0.9972919994747939, 34.73392491414861], [0.0, 0.0, 0.0, 1.0]], [[0.9002030555984105, -0.42332677298841315, -0.10212199548824226, 53.318195404165266], [0.42650048861926215, 0.9044267579542365, 0.0104676981195338, -18.494671242450387], [0.08793060842968893, -0.05297813480679544, 0.9947168066005408, 11.260726735052499], [0.0, 0.0, 0.0, 1.0]], [[0.9686328320260928, 0.23192022945225446, -0.08923813025789944, 18.286173036808616], [-0.23077337356617483, 0.9727331680413115, 0.0231048446261833, 24.59355365068012], [0.09216337002301285, -0.001786326713429588, 0.9957422971145075, 4.239424327224343], [0.0, 0.0, 0.0, 1.0]], [[0.9816326760601961, 0.17320333264517374, -0.07998684173975053, 4.562083178158068], [-0.16937852376171939, 0.9841567911753775, 0.052405401169005425, 3.6661707558988494], [0.0877963836339248, -0.03789480101529778, 0.9954173893783532, -3.7581726806360582], [0.0, 0.0, 0.0, 1.0]], [[0.9990936122067786, -0.013139353617186595, -0.04048841110901342, 27.449511486884848], [0.016519181997480866, 0.9963029387930861, 0.08430641006704996, 6.778117910657898], [0.03923099124090623, -0.08489883119797353, 0.9956169533447461, 44.665167734849256], [0.0, 0.0, 0.0, 1.0]], [[0.9984609042524568, -0.01162297544317392, -0.054228489940388945, 15.262025726686012], [0.013984784954090678, 0.9989608150455666, 0.04337874817565015, -2.799940019709022], [0.05366794638473999, -0.04407035789900062, 0.9975858635152665, 21.511017741575486], [0.0, 0.0, 0.0, 1.0]], [[0.8677864360865633, -0.48424217250978097, -0.11160743571638872, 65.8255034349541], [0.48921296182190493, 0.8719181357616951, 0.020722994843624713, -6.275387793229439], [0.08727759924299118, -0.07258293802855176, 0.9935362790444667, 33.34012864820042], [0.0, 0.0, 0.0, 1.0]], [[0.8692722521742157, -0.48627685511102264, -0.08888516064733301, 59.52326242997751], [0.48881494619639865, 0.8723510151168686, 0.00797839580260266, -26.67196276860382], [0.07365935089980626, -0.05038379310755, 0.9960099263647508, 11.810418973121651], [0.0, 0.0, 0.0, 1.0]], [[0.962538978152875, 0.25102290380990866, -0.10249984048406531, 19.028715939580273], [-0.25046152707870173, 0.9679493622637992, 0.018521758731524927, 21.561465600836932], [0.10386404088914612, 0.007844351849926238, 0.9945605698770854, 3.2220495390703077], [0.0, 0.0, 0.0, 1.0]], [[0.9900160754020266, 0.11901877871700983, -0.07551622844315406, 7.7809046485459765], [-0.11860165734962767, 0.9928915543889849, 0.010000404839135578, -0.4979825200205703], [0.07616966141114645, -0.0009442117011212807, 0.9970944243875663, -10.219867395309265], [0.0, 0.0, 0.0, 1.0]], [[0.9944863018101232, -0.07689450393721611, -0.07130379215916015, 33.53723562964875], [0.07816845069604193, 0.9968235595504534, 0.015247440471957752, 4.269397211408997], [0.06990485553813625, -0.020737077648861388, 0.9973380995343445, 17.829105865653545], [0.0, 0.0, 0.0, 1.0]], [[0.9921930450452374, -0.050271338051954606, -0.1141304251036053, 23.795806499912903], [0.05664574543517308, 0.9969699641859254, 0.0533118189073829, -16.054859380852097], [0.11110454935760788, -0.05936061894544322, 0.9920343220022487, 0.03816123677116681], [0.0, 0.0, 0.0, 1.0]], [[0.998075915896423, -0.028826520518797038, -0.05489533515973109, 25.951381674772332], [0.02878651115732299, 0.9995844274849697, -0.0015195739331036629, 10.884091513195422], [0.05491632619639772, -6.359503300581835e-05, 0.9984909579324031, -6.018283929323105], [0.0, 0.0, 0.0, 1.0]], [[0.9976332456909224, -0.040276007625155465, -0.055729258939749594, 15.287610437077554], [0.040637189802486845, 0.9991595775978396, 0.005362583282479072, -3.295899450540634], [0.05546643937690532, -0.0076145718384740295, 0.9984315161284556, -25.45766929813851], [0.0, 0.0, 0.0, 1.0]], [[0.9887186778780718, -0.12954370336534515, -0.0751917876727791, 39.01304489391203], [0.12842207979638617, 0.9915261869533596, -0.019585453951854445, 8.872029239544386], [0.07709179875841207, 0.009708218380372847, 0.9969767324567164, 6.437074122809386], [0.0, 0.0, 0.0, 1.0]], [[0.97778477016907, -0.19682988064895693, -0.07207594126432587, 30.16996284272057], [0.19896183049380126, 0.9797222902752002, 0.02363099541860016, -19.4325532434518], [0.0659631202413671, -0.03744638863275626, 0.9971191677760437, -4.969237136528345], [0.0, 0.0, 0.0, 1.0]], [[0.9990638510586054, -0.01207507382466643, 0.0415405115528652, -8.129186393204659], [0.01177039209533632, 0.9999020614317784, 0.007571354858933825, 3.3580934559436093], [-0.041627867803515003, -0.007075318834279654, 0.9991081325289694, -4.302357476824182], [0.0, 0.0, 0.0, 1.0]], [[0.9959900909586014, -0.07928646692120096, 0.04144146323948608, -22.265173391473663], [0.07694486530759899, 0.9954985314882508, 0.05533680066222565, -23.556433584664216], [-0.04564237521286332, -0.051926197317816024, 0.9976073594441036, -5.687870103084049], [0.0, 0.0, 0.0, 1.0]], [[0.9968669638813629, 0.07891369850100498, 0.0053744312111621, 12.215367578671218], [-0.07876344542387899, 0.9966041442029462, -0.024010402380395465, 22.080017277424446], [-0.007250930072112159, 0.023511868203129945, 0.999697262208258, 24.164670776199326], [0.0, 0.0, 0.0, 1.0]], [[0.9778722851123854, -0.20825682535969883, -0.0198718066663238, 21.16829820238861], [0.20894214331425476, 0.9769779117150837, 0.043096876546698665, -21.019045704451546], [0.010439097486336585, -0.04629529902631475, 0.9988732504836323, 4.478265634939328], [0.0, 0.0, 0.0, 1.0]], [[0.9972182369593295, 0.0406899224319935, -0.06245092543914769, 25.19845341013957], [-0.04026964487966258, 0.9991570284200865, 0.007974224727930876, 13.425139754121298], [0.06272275166949781, -0.005437165734463945, 0.9980161790531178, -7.905182247678004], [0.0, 0.0, 0.0, 1.0]], [[0.9924670891261695, -0.10963053196482779, -0.054682935752701556, 18.92874865294125], [0.11036018751384401, 0.9938362144307056, 0.01049799494910338, -14.6225930109857], [0.053194981091588205, -0.01645373353227351, 0.9984485808690968, -27.274764559781506], [0.0, 0.0, 0.0, 1.0]], [[0.9936506718413138, -0.11113218733116477, -0.017549338685504387, 24.999490437970362], [0.11124578425844199, 0.9937769640907482, 0.005632151214166567, 8.361777986385563], [0.01681421523687064, -0.007548680783154426, 0.9998301353652046, -5.09150777979937], [0.0, 0.0, 0.0, 1.0]], [[0.9970109288981417, -0.009880512217454467, -0.076626256178822, 20.561656988473285], [0.011316549589753266, 0.9997679596850728, 0.01832927965104049, -5.678117603600567], [0.07642737312667745, -0.01914163695884247, 0.9968913954746963, -22.657619694687618], [0.0, 0.0, 0.0, 1.0]], [[0.9783727799537906, -0.19539787038220433, -0.06787028580748612, 40.04141772811872], [0.2002858727701865, 0.9768813095996153, 0.07475611094502221, -3.893277393392437], [0.05169402880580409, -0.08673280351192979, 0.9948895155648105, 39.023896211039286], [0.0, 0.0, 0.0, 1.0]], [[0.987691221151057, -0.13593541746789664, -0.0773796739393645, 24.624404990452856], [0.1424029971100249, 0.986126148016565, 0.08530302815314056, -20.954528645060005], [0.06471041705333039, -0.09527214952882031, 0.9933457502042993, 24.629809232493095], [0.0, 0.0, 0.0, 1.0]], [[0.9991361679373129, 0.03909772159134336, -0.014081409230153066, 16.586856601109474], [-0.03868718988024468, 0.9988496006898052, 0.028333311507581824, 12.895327506071606], [0.015172977911772365, -0.0277640661319911, 0.9994993433580157, 3.1136547558675405], [0.0, 0.0, 0.0, 1.0]], [[0.9932911611232035, -0.11217001153293324, -0.02811685877235393, 12.13463455930177], [0.11387995218446484, 0.9910794199629406, 0.06923106106646451, -24.735764740173202], [0.02010039116502185, -0.07196854756507279, 0.9972043433701994, -2.6536358710477104], [0.0, 0.0, 0.0, 1.0]], [[0.9862721314773765, 0.1487199407654616, -0.07176114470789223, 25.91307797670812], [-0.14823969753684244, 0.988878627698024, 0.012002156316816365, 21.445199055171763], [0.07274802227727464, -0.0011995419065155984, 0.9973496309489249, 9.964990935978419], [0.0, 0.0, 0.0, 1.0]], [[0.9980724866803435, 0.03645838889944617, -0.050220485965096144, 8.858728276262882], [-0.03758676884462263, 0.9990575086526227, -0.021710117747972296, 5.472852581114914], [0.04938163767570473, 0.023555897004076495, 0.9985021650336051, -0.37361949366382163], [0.0, 0.0, 0.0, 1.0]], [[0.9930356151117053, -0.06850180392562107, -0.09585285587112663, 36.30416297587515], [0.07385125180572794, 0.9958376014724263, 0.05341782567991214, 4.563394195834109], [0.09179466066412667, -0.06012465677721815, 0.9939611491003951, 35.12597084744599], [0.0, 0.0, 0.0, 1.0]], [[0.9845491040020491, -0.11799371531002603, -0.12938525787778238, 30.928672067098223], [0.12491861361870642, 0.9910648531793897, 0.04675250543124469, -15.208859594540886], [0.12271267978633692, -0.062192764368974286, 0.9904916245379372, 16.05007543149558], [0.0, 0.0, 0.0, 1.0]], [[0.9868401863022604, -0.10869981523153731, -0.11971130634803095, 46.58207072000016], [0.11600404293962766, 0.9916790519554688, 0.05581863429328511, 0.6122452634288532], [0.11264771955340895, -0.06897106698707903, 0.9912383584174301, 9.96979035959585], [0.0, 0.0, 0.0, 1.0]], [[0.9958008212033477, -0.011522346224115406, -0.09081828025365667, 23.251739719775646], [0.013556417070116832, 0.9996701716069876, 0.02181218823223758, -2.2713790485035927], [0.09053699822150679, -0.02295176543861347, 0.9956285795497682, 1.499362066881193], [0.0, 0.0, 0.0, 1.0]], [[0.9676588623179105, -0.21611463863319305, -0.1301183659060144, 52.98574325049622], [0.22774595928821265, 0.9702443539265282, 0.08220505885642643, -8.897439820448238], [0.10848089327387929, -0.1091803857940663, 0.9880847833826624, 12.482228690879023], [0.0, 0.0, 0.0, 1.0]], [[0.9304341552467219, -0.35253335011783304, -0.10006257944416323, 48.49090437482242], [0.3626314330399