[[[0.9956148448387899, 0.09347296155093483, -0.0037264185926479333, -16.505852262411096], [-0.09345503705035957, 0.9920764862794179, -0.08396666851434176, 7.699838795717838], [-0.004151720913800705, 0.08394671423217767, 0.9964615960402469, -19.31320296304196], [0.0, 0.0, 0.0, 1.0]], [[0.9992266711640955, 0.03901319880284696, 0.00490203564753574, -31.527190657432158], [-0.03833452594451488, 0.9943199156857622, -0.09928932163766194, -4.6651764836845935], [-0.008747785715796264, 0.09902462112943072, 0.9950465319045352, -33.86095071095265], [0.0, 0.0, 0.0, 1.0]], [[0.9762237014862335, 0.21519127298368007, 0.02607682281601686, -23.90481745119402], [-0.21254674737274665, 0.973890957967826, -0.07975137722807567, 16.460103960043334], [-0.042557782340959235, 0.07231264080485718, 0.9964736409670075, -18.80114338043065], [0.0, 0.0, 0.0, 1.0]], [[0.9914435517594239, 0.12929108763938343, -0.017986059370661726, -33.69927171266823], [-0.12992648778532864, 0.9907020536395207, -0.04035528077224065, -7.66631575120357], [0.012601247812361197, 0.04234684842420748, 0.9990234997146504, -42.5058143676707], [0.0, 0.0, 0.0, 1.0]], [[0.9990860168252689, 0.0420448587523418, -0.007704598413428187, -1.3071922319084652], [-0.041994217885778756, 0.9990959164753345, 0.006620826721198183, 1.759704567811608], [0.007976004537254956, -0.006291226812476278, 0.9999484005771571, 4.433820463154835], [0.0, 0.0, 0.0, 1.0]], [[0.9821694931984511, 0.18776838292456935, 0.009280140310732286, -24.89592162903639], [-0.18771637591449988, 0.9822037269164814, -0.00619685766305178, -1.5948960000199142], [-0.010278562342114099, 0.00434433024323379, 0.9999377370371191, -8.990253467853096], [0.0, 0.0, 0.0, 1.0]], [[0.991739359947768, 0.12152288548804172, 0.04105155579334288, -20.31837550343442], [-0.12251599435919464, 0.9922091602672647, 0.02260118156003637, -5.684313069730501], [-0.037985168902762684, -0.0274439535124271, 0.9989013746907335, -7.495547308320493], [0.0, 0.0, 0.0, 1.0]], [[0.9898991952570259, 0.13932615659911413, -0.026226042721120474, -26.408089994368897], [-0.13875647770268307, 0.9900726293074512, 0.022423839808951587, -17.997696777326055], [0.02908991449000474, -0.018558307669390883, 0.9994045057389995, -28.95714652966329], [0.0, 0.0, 0.0, 1.0]], [[0.9778311433383987, -0.20918842107018393, -0.009298365860852672, 8.626794702892447], [0.2087365381776443, 0.9773135993900077, -0.03587737555838245, -1.5019895085117803], [0.016592550953115143, 0.03314110646173069, 0.9993129411327363, 9.10789930027875], [0.0, 0.0, 0.0, 1.0]], [[0.9939358645076216, -0.10954683042615226, -0.009538825350550437, -11.823955768737775], [0.1091204544453419, 0.993324462146332, -0.037406407517153274, -13.795899671238539], [0.013572901941976474, 0.03613868903655932, 0.9992546079391335, -0.6304528798496304], [0.0, 0.0, 0.0, 1.0]], [[0.9928550499202257, 0.11607423582376555, -0.027669868554666126, -8.750103124413071], [-0.1143633886669824, 0.9918036522425848, 0.05697833562743354, -14.289780398867236], [0.034056793456054536, -0.05340680833186536, 0.9979919076041113, -19.2993038032964], [0.0, 0.0, 0.0, 1.0]], [[0.9464062810728172, 0.32290104727781754, 0.007075649285446869, -38.43050476006133], [-0.32297750072512177, 0.9462321841779442, 0.018171066319602254, 2.1599493278174204], [-0.0008277507330912474, -0.019482486820883424, 0.9998098556905709, -30.798865867509225], [0.0, 0.0, 0.0, 1.0]], [[0.9854323628857242, 0.1691131052720843, 0.01799488268077644, -15.28689356047177], [-0.16940786554491566, 0.9854104368061166, 0.016347664209245782, -4.847705643910102], [-0.014967740944367843, -0.019157992035060953, 0.9997044253539195, -21.651760241996534], [0.0, 0.0, 0.0, 1.0]], [[0.9841120401992792, 0.17528115223073973, -0.02828444815577158, -32.05822496312554], [-0.1744733543599224, 0.9842380736712233, 0.028887072443512806, -20.363816841822437], [0.03290199011016197, -0.023493233251813007, 0.9991824293081653, -45.05263672987137], [0.0, 0.0, 0.0, 1.0]], [[0.970851930919795, 0.23436967717164758, 0.05017352540697234, -22.9911846470158], [-0.23467947071473022, 0.9720727652386718, 0.0002917298350930821, 3.583529884986869], [-0.048703944956856204, -0.01205792286010736, 0.9987404729167327, -7.622485085932187], [0.0, 0.0, 0.0, 1.0]], [[0.9908120768475966, 0.13490857815283644, -0.009544837019811406, -33.27794307450556], [-0.13510581666794227, 0.990528738207407, -0.02447931959290525, -10.028254446343293], [0.006151965169201408, 0.02554396848618652, 0.9996547699073584, -31.492938644919303], [0.0, 0.0, 0.0, 1.0]], [[0.9950437191973548, 0.09191952713179602, -0.03793148320012309, -3.7790367415735675], [-0.0916694898509221, 0.9957550393505648, 0.008282888290013479, -4.536159546097775], [0.03853182472146746, -0.004764676255547129, 0.9992460139244057, -23.94202847768291], [0.0, 0.0, 0.0, 1.0]], [[0.9888239192983211, 0.146985171633892, 0.02495227330853783, -36.57150858951779], [-0.14739775885948722, 0.9889545715598727, 0.015580631374533225, -14.123190569958815], [-0.02238654298253973, -0.019084410145036212, 0.9995672203422377, -24.481490814975913], [0.0, 0.0, 0.0, 1.0]], [[0.998724510272781, 0.050050341523037445, 0.006657018388036758, -4.383478148569941], [-0.05013208264743975, 0.9986613621817297, 0.012738052235791598, 0.6280905265476731], [-0.006010563186725959, -0.013055535177034668, 0.9998967077310629, 7.506165390885867], [0.0, 0.0, 0.0, 1.0]], [[0.9994315051084554, 0.005218397138872465, -0.03330818109636755, -14.985560529087444], [-0.004933818393298061, 0.9999506727998488, 0.00862029020365695, -14.81916432150139], [0.03335152219478692, -0.008451053096171984, 0.9994079525743526, 0.30890171221917795], [0.0, 0.0, 0.0, 1.0]], [[0.9982787192272855, 0.05595760951098501, -0.01755974589067392, -5.559821261548216], [-0.05456115431812523, 0.9959203162191563, 0.07187352907300262, -24.712245819282327], [0.021509978554211516, -0.070791734544014, 0.9972591694954956, -2.5710943792975174], [0.0, 0.0, 0.0, 1.0]], [[0.9986159317798026, -0.03319462588567928, -0.04079629404571021, -12.998039570704183], [0.035353998615644804, 0.9979470759392526, 0.05340157681361835, -41.21418294295911], [0.03893989698804108, -0.0547699775114577, 0.9977394118636165, -20.890423111202168], [0.0, 0.0, 0.0, 1.0]], [[0.984991573035829, 0.16987398754423022, -0.030568438040313606, -6.3407705911071375], [-0.16813649987679777, 0.9843645965122425, 0.05250198608118569, -7.4123658540319015], [0.039009209907165526, -0.04657434367881326, 0.9981528500451762, -15.79576177990431], [0.0, 0.0, 0.0, 1.0]], [[0.9759784227745867, 0.21740661456503005, -0.014159174474680935, -32.836280746241734], [-0.2170752526681154, 0.9759112239832525, 0.02180865843157431, -3.203961035603055], [0.018559443889991922, -0.01821117368221428, 0.9996618929396134, -19.274012159527413], [0.0, 0.0, 0.0, 1.0]], [[0.998916852320431, 0.04099173143941535, -0.02201817666929511, -4.740795719388913], [-0.041072243428590394, 0.9991510013228092, -0.0032167336488497346, -3.345061568776614], [0.021867623784582957, 0.0041175853632771904, 0.9997523956064274, -17.201943428593424], [0.0, 0.0, 0.0, 1.0]], [[0.9955701811818265, 0.01204243595708759, -0.09324695210998915, -9.538854910280987], [-0.01292226189137308, 0.9998774504503279, -0.008837376791867647, -16.05777258944847], [0.09312910119395525, 0.01000319034958936, 0.9956037900157053, -41.67852617441433], [0.0, 0.0, 0.0, 1.0]], [[0.9993020506334149, 0.0365140441542914, -0.00788265052831228, -6.1069653894387415], [-0.03647750390093961, 0.9993232774925108, 0.004730620549706814, 0.1533280380487426], [0.008050050248910258, -0.004439779400694335, 0.9999577416320465, -8.464653714591426], [0.0, 0.0, 0.0, 1.0]], [[0.9992038512711652, -0.019511387751248048, -0.034798984940494854, -17.143011503923137], [0.019826604923607133, 0.9997652643786503, 0.008736239413277716, -18.70836082999122], [0.03462036022446239, -0.009419229793531799, 0.9993561471107393, -13.047644303379707], [0.0, 0.0, 0.0, 1.0]], [[0.9444222556696037, 0.3257638109199796, -0.04409696691188733, -8.155894089794614], [-0.3247314479682245, 0.9453603342478776, 0.02904006079887219, 8.835991637641875], [0.05114772425432787, -0.013106407808149267, 0.9986050933066432, -16.38815881278036], [0.0, 0.0, 0.0, 1.0]], [[0.9482883614345504, 0.31725146763756434, -0.01003443319714107, -29.211144040168538], [-0.3166714252791816, 0.9477641140765751, 0.03824124056955109, -1.8688109798934622], [0.021642365384320253, -0.03308610509651664, 0.9992181531928427, -24.672951083143694], [0.0, 0.0, 0.0, 1.0]], [[0.9648907757310073, 0.2608065436757799, 0.031076320327692034, -19.761835332748262], [-0.2616024681945801, 0.9648505810922159, 0.025050045918492136, -2.59185250217117], [-0.02345078983145997, -0.032300200338520886, 0.999203061201462, -1.5306282387834924], [0.0, 0.0, 0.0, 1.0]], [[0.9855368694559016, 0.1657627026831997, -0.0352108696601623, -25.524389282582653], [-0.16453143778028573, 0.985736339771837, 0.03540161627911771, -22.781078023158603], [0.040576901372771715, -0.029096303070719972, 0.998752682210467, -17.98410159755072], [0.0, 0.0, 0.0, 1.0]], [[0.9965038651658353, 0.08167764980273186, 0.01757294034167271, -10.570930450090849], [-0.08197360669599406, 0.996492276109688, 0.01683661067387274, -2.0970474112997497], [-0.01613612452852766, -0.018218264912866985, 0.9997038162919859, -3.4802832333187226], [0.0, 0.0, 0.0, 1.0]], [[0.987135723276167, 0.159528879584909, -0.010658349329292978, -28.530672407404538], [-0.15928042544782473, 0.9870079150747496, 0.021097906269559596, -11.592419803207434], [0.013885600498414061, -0.019128830549273126, 0.9997205999381118, -18.704386182072035], [0.0, 0.0, 0.0, 1.0]], [[0.9838773700405634, -0.17708795114555848, -0.02500356536834418, 4.341439921036013], [0.17771958339916585, 0.9837426915515772, 0.025808264088882572, -23.942299142182957], [0.020026742083717068, -0.029835790217838123, 0.9993541690629939, 12.503522533861002], [0.0, 0.0, 0.0, 1.0]], [[0.9997471284829565, 0.020305935420159783, 0.009661680847110833, -28.388866552329848], [-0.020730582409410045, 0.9987219194464771, 0.046095233702733066, -33.672187173562236], [-0.008713325601960946, -0.04628386980207272, 0.9988903249872326, -7.18301936631589], [0.0, 0.0, 0.0, 1.0]], [[0.9802453435585505, 0.19778436186836124, 0.0006423644634591755, -10.038712142607935], [-0.19778502336567846, 0.980231902125661, 0.00514806636942602, 1.9699278459653555], [0.0003885408818583779, -0.0051734181573747815, 0.9999865422997207, -37.41972481601303], [0.0, 0.0, 0.0, 1.0]], [[0.9942224595144175, 0.08849870876300142, -0.06074273244086546, -17.620187328366125], [-0.08839201836009104, 0.9960758401125173, 0.0044465530889531675, -15.878246779795893], [0.06089788245358338, 0.0009483097726946239, 0.9981435511093797, -51.53672815880357], [0.0, 0.0, 0.0, 1.0]], [[0.9944794181423334, -0.10456914400995512, -0.008716708800280153, -1.890956217797187], [0.10481746335718065, 0.9938393487457728, 0.03600900248470555, -19.30145517935588], [0.004897577630798963, -0.03672387514414439, 0.9993134496882076, 0.27233365813858956], [0.0, 0.0, 0.0, 1.0]], [[0.9959764995518616, -0.08015662747926248, -0.04007152869024106, -7.831588257137967], [0.08175307112582648, 0.9958525113638828, 0.03992757157332487, -35.61821917715868], [0.03670487299961187, -0.04304289350634043, 0.9983987488056489, -14.189845879463071], [0.0, 0.0, 0.0, 1.0]], [[0.9846447957269712, 0.16762479514680786, 0.04874991589517397, -25.417283179160357], [-0.1679675310753928, 0.9857879884459971, 0.0029917118906076768, -2.5775121259017646], [-0.0475555964344136, -0.011134176556446749, 0.9988065355013355, -25.450119813631563], [0.0, 0.0, 0.0, 1.0]], [[0.973998734825806, 0.22403366772737304, 0.03369540446929695, -46.10800678322979], [-0.22324898589744585, 0.9744270696913209, -0.025529906943555822, 0.37990826832721497], [-0.03855327292838421, 0.017343632186069137, 0.9991060221863862, -21.844183275068062], [0.0, 0.0, 0.0, 1.0]], [[0.998301389850044, -0.058092904093593106, 0.004421483625291952, -5.669691879260596], [0.05789472538083035, 0.9976612501828813, 0.03633497841762643, -23.887517434275036], [-0.006521947297729855, -0.03601727887422564, 0.999329885386176, -17.5212630181489], [0.0, 0.0, 0.0, 1.0]], [[0.9929519088258415, -0.10879017377306809, -0.04702344999620649, -12.239992364504579], [0.11015885648272684, 0.9935318293757829, 0.02755957829199215, -41.3192511267281], [0.04372108298679328, -0.03254538535092363, 0.9985135275973109, -39.707542755110644], [0.0, 0.0, 0.0, 1.0]], [[0.998820253058835, -0.047537647359441784, 0.009913332588601447, -3.2338181957890706], [0.04790346889956261, 0.9980232257788514, -0.04068044337716413, 0.8800863748041378], [-0.007959883596605261, 0.04110733376787381, 0.9991230291428693, 12.41664015256498], [0.0, 0.0, 0.0, 1.0]], [[0.9874228040956102, -0.15672924885929776, -0.020788181833993488, -8.331267936926263], [0.15619372048694072, 0.987402728534399, -0.02528583325246813, -25.289139105269125], [0.02448933711659519, 0.021720824911235642, 0.9994640954695498, -14.80726712111124], [0.0, 0.0, 0.0, 1.0]], [[0.9757586372005712, 0.21845611558975842, 0.013115162595859304, -21.72656995599477], [-0.21877289212607837, 0.9752491903593319, 0.03205367957435873, -3.490456099245314], [-0.0057882293728695995, -0.03414589675054005, 0.9994000971261853, -9.433379161470846], [0.0, 0.0, 0.0, 1.0]], [[0.99460924638124, 0.10139114648374906, -0.021732059903560835, -32.744455788372946], [-0.10037401334695147, 0.9939910738154268, 0.043666951117294496, -28.800956646578705], [0.026028915796993925, -0.04125021927172197, 0.998809749127664, -28.180544690893424], [0.0, 0.0, 0.0, 1.0]], [[0.9954270545329669, 0.06700011751558417, -0.06808790903472899, 5.9640745709331915], [-0.0651307525524929, 0.9974460079418019, 0.02931631479077074, -6.1906952640644946], [0.06987820959190034, -0.024747636126780555, 0.9972485098160683, -15.497711978833768], [0.0, 0.0, 0.0, 1.0]], [[0.9968056809143029, 0.05330872291444903, -0.05946944222209126, -16.048777046522183], [-0.05278898784589988, 0.9985527982155533, 0.010277739931191554, -14.362575270247769], [0.05993127112936604, -0.007105577887707088, 0.9981772154801477, -27.402693275888872], [0.0, 0.0, 0.0, 1.0]], [[0.9812451496261861, 0.19210668318575302, -0.01590530133175248, -13.977065957058938], [-0.19208837016337213, 0.9813739582060721, 0.0026855544917227035, 4.936170826769168], [0.016124961490321662, 0.00042003609071392464, 0.999869896129801, -22.941905071094943], [0.0, 0.0, 0.0, 1.0]], [[0.9968823127105216, 0.05343946099732755, 0.058050655579716795, -38.78804563448563], [-0.053355053220553283, 0.9985710858500048, -0.0030041305184348613, -16.821400900555098], [-0.058128245292213276, -0.0001025312390421933, 0.9983091187536008, -20.15845827125516], [0.0, 0.0, 0.0, 1.0]], [[0.9744738392242923, 0.22444918717477305, 0.004826908333064727, -24.363109058961278], [-0.2244955520343666, 0.9743755038941081, 0.01393285785087504, 0.9337005309869385], [-0.0015760026196300497, -0.014660824932159143, 0.9998912823042588, -12.49168981886315], [0.0, 0.0, 0.0, 1.0]], [[0.9765465593232953, 0.21145816316543783, 0.040524840586134474, -49.59920988639019], [-0.21219831661013677, 0.9771133561694996, 0.014878293685679018, -9.513562649074927], [-0.03645122633954224, -0.023128649460623273, 0.9990677522933413, -13.114752802909857], [0.0, 0.0, 0.0, 1.0]], [[0.9943284310633916, 0.10317532630943548, -0.025803550529991705, -6.798694195151989], [-0.10300118089361694, 0.9946491192878824, 0.007992886484876748, -0.2845728376160846], [0.026490147480388082, -0.00528975810233803, 0.9996350786890611, -14.669171141835202], [0.0, 0.0, 0.0, 1.0]], [[0.9808688937733425, 0.1878013836109017, -0.05125283935248536, -24.38136561543721], [-0.1876305874210337, 0.982205712553133, 0.008167061407457123, -8.322424905321588], [0.051874617028934734, 0.0016057838665912679, 0.9986523146552445, -31.71596756618467], [0.0, 0.0, 0.0, 1.0]], [[0.9993728123536714, 0.022227909381477097, -0.027566319537502094, 7.342274171401513], [-0.021615443411928788, 0.9995171701535631, 0.02232037576564415, -5.500494273390669], [0.02804914498555222, -0.021710518481664484, 0.9993707514495493, -9.627233075661172], [0.0, 0.0, 0.0, 1.0]], [[0.986816818542336, 0.1561994126871366, -0.04235929789517148, -19.43389595511773], [-0.1546418320024814, 0.987244763424276, 0.037863978743110864, -16.88231816664652], [0.04773332627100921, -0.030814291611783163, 0.9983846999005775, -28.51230006340557], [0.0, 0.0, 0.0, 1.0]], [[0.9814740000622022, 0.18545634886157863, 0.04811163963985025, -28.520292763813575], [-0.18530319494622263, 0.9826515148790597, -0.0076633053322280095, 6.610153804097454], [-0.04869818420254066, -0.001393905601245753, 0.9988125669426434, -21.930929353774648], [0.0, 0.0, 0.0, 1.0]], [[0.9950669277163198, 0.09896247494162602, 0.006945352304444841, -35.38529977784074], [-0.09876855723557346, 0.994815963349512, -0.0242068413178259, -8.327020194873963], [-0.00930491627087931, 0.023401444793242698, 0.9996828451637955, -29.193765150122275], [0.0, 0.0, 0.0, 1.0]], [[0.9865576927937046, 0.1578754834155128, -0.04218116316415304, 7.068820375357645], [-0.15718899936504965, 0.9873829549785031, 0.019144678021124958, 4.986259652935579], [0.04467143682687126, -0.012256914547972255, 0.9989265392297798, 1.862595652573444], [0.0, 0.0, 0.0, 1.0]], [[0.9916079270526778, 0.12123350023035709, -0.044901641709316154, -11.833126087135243], [-0.12060458629338197, 0.992563984784728, 0.016470272410190348, -8.727727096010119], [0.046564501192409784, -0.010916708760415991, 0.9988556315597084, -19.952977802011176], [0.0, 0.0, 0.0, 1.0]], [[0.9992980954868071, -0.03704882317784699, -0.005540853506130513, -4.1578044693580605], [0.03683095455985061, 0.9986984403909562, -0.035283224723390814, 0.5654076668394707], [0.006840843708928452, 0.03505438434501038, 0.9993619929712867, -11.902544959190761], [0.0, 0.0, 0.0, 1.0]], [[0.9998418114396692, -0.005588412552466191, -0.016885548323582564, -19.666660008619992], [0.004607510169252799, 0.9983301620302599, -0.05758175432095211, -7.98378529747428], [0.01717914279249216, 0.05749484521052033, 0.9981979862868564, -27.49448053766136], [0.0, 0.0, 0.0, 1.0]], [[0.9232088429175921, 0.3839700529879315, 0.015888069964816644, -24.124236865369756], [-0.3828503476928516, 0.922529166588657, -0.04863690023739075, 21.05833523708474], [-0.033332321104664255, 0.03881926328106148, 0.9986901527341163, -3.7694350422169154], [0.0, 0.0, 0.0, 1.0]], [[0.9213887092924914, 0.38849663554072766, 0.010640045199756493, -48.81439075668002], [-0.388518929816589, 0.9214407415714573, 3.0763848862089056e-05, 7.54264812880837], [-0.009792219487438246, -0.004162204437205451, 0.9999433926436695, -13.827730015443876], [0.0, 0.0, 0.0, 1.0]], [[0.9997854675129484, -0.019685041531388472, 0.006443453253240805, 2.6450947097664375], [0.019822671637335833, 0.9995605009712213, -0.022042381616424585, 1.5938503630952097], [-0.006006716164223977, 0.02216537926752533, 0.9997362728854312, 2.8880950937136163], [0.0, 0.0, 0.0, 1.0]], [[0.9978572493490844, -0.04851077066793599, -0.04390461309112753, -7.541222663107964], [0.04727887594297175, 0.9984700443472434, -0.02867539765695049, -16.316579089299807], [0.045228506619694846, 0.026538192674296218, 0.9986241067181061, -10.322217440385899], [0.0, 0.0, 0.0, 1.0]], [[0.9951142780328052, 0.09806335464811174, 0.01145216706142813, -17.27193364203733], [-0.0981622543250008, 0.9951348213386528, 0.008417789800065759, -6.030801974230304], [-0.010570973516097593, -0.009500833355180678, 0.9998989892406506, -5.404986067803325], [0.0, 0.0, 0.0, 1.0]], [[0.9977552836064824, 0.06258314178942546, -0.02382738758463805, -27.238723242396876], [-0.0627930592221535, 0.9979931657436238, -0.008165343994033734, -16.813539486761993], [0.023268557086055235, 0.009643209672223036, 0.9996827410525552, -27.577332154224464], [0.0, 0.0, 0.0, 1.0]], [[0.9990552430818423, 0.02619647593503526, -0.03467514843891973, -2.203721909304102], [-0.02807864475704777, 0.9980939518731772, -0.05495500835036902, 7.238127902627726], [0.033169428383430344, 0.055876720400956974, 0.9978865572488416, 5.260584797028078], [0.0, 0.0, 0.0, 1.0]], [[0.9975779242389163, 0.037838601579419415, -0.058365446127730564, -13.723217860320688], [-0.040888483046715586, 0.9978108475861877, -0.05197734500212572, -3.6282438446895386], [0.05627092522176537, 0.054237926489178225, 0.9969412371372942, -11.754874219266986], [0.0, 0.0, 0.0, 1.0]], [[0.9596773373345528, 0.28110225342747647, -0.0009650515322299219, -9.426913135611368], [-0.28109786463198355, 0.9596285283940312, -0.009852816432221408, 12.131990341529177], [-0.0018435579200065011, 0.009726798563889996, 0.99995099414116, -20.898177505896363], [0.0, 0.0, 0.0, 1.0]], [[0.9961813075992356, -0.013056081419912189, -0.08632694323230759, -8.583046365210826], [0.011510101440730414, 0.999764782024527, -0.018382007188370315, -18.982743116992243], [0.08654663456600456, 0.01731818008353727, 0.9960972646704199, -24.428953902793868], [0.0, 0.0, 0.0, 1.0]], [[0.9970313126960446, -0.062267319759310984, -0.045291747521951226, -0.9335140207437682], [0.0628928580296919, 0.9979417682775911, 0.012518607584346732, -15.492454748298247], [0.0444190264690424, -0.01532997119976263, 0.9988953609215315, -6.702578775894303], [0.0, 0.0, 0.0, 1.0]], [[0.9977808587156268, 0.05579531267526099, -0.03633512163428969, -23.09276882469627], [-0.055775191760635105, 0.9984421212670718, 0.0015679489080921882, -18.815474946360666], [0.03636600012062305, 0.0004621289688600531, 0.9993384313995173, -31.404751292749197], [0.0, 0.0, 0.0, 1.0]], [[0.994333697715384, 0.10001282441239263, -0.03602683084463198, -0.5155527861648486], [-0.10058210854341122, 0.9948253071353863, -0.014347394326009068, 3.382524143083645], [0.034405479630623056, 0.017889752263251193, 0.9992478269855509, -9.514773390819142], [0.0, 0.0, 0.0, 1.0]], [[0.9719954830269462, 0.23379029181839878, -0.02380925086349933, -26.527376576240684], [-0.2339764797252786, 0.9722276976156858, -0.00532080109288747, -0.6534842717674488], [0.021904061508760463, 0.010742599330309108, 0.99970236002975, -24.989054254391075], [0.0, 0.0, 0.0, 1.0]], [[0.981334482327072, 0.19193366690851715, 0.012004220212469214, -12.444401983484061], [-0.1921730860178157, 0.9810738843823481, 0.023738963611007597, -3.199476709011757], [-0.0072207206183597175, -0.02560275160965695, 0.9996461175354857, 2.511352546125211], [0.0, 0.0, 0.0, 1.0]], [[0.9767694888397119, 0.21188342103256647, -0.0320434324525885, -27.108648445793015], [-0.21154405034650098, 0.9772728177478935, 0.013673128906331692, -10.698914254513431], [0.0342122848521483, -0.006576897644652005, 0.9993929477350572, -12.943573517593638], [0.0, 0.0, 0.0, 1.0]], [[0.9963391360735414, 0.06784943371862721, -0.05200750207701856, 0.21412841131827298], [-0.06501779619304934, 0.9964039003787953, 0.05433188279567322, -16.48787692292061], [0.05550686539905284, -0.050751567995336776, 0.9971676219370474, 2.400845726512644], [0.0, 0.0, 0.0, 1.0]], [[0.9954523551353472, 0.09112605508598252, -0.027760596894933133, -22.02953928957835], [-0.0900911495744498, 0.9952646731462809, 0.03649404273826985, -27.646404656634086], [0.030954699543859005, -0.03382709670508321, 0.9989482139253556, -13.161435782915044], [0.0, 0.0, 0.0, 1.0]], [[0.9978653668426668, 0.06296572057032135, -0.017321307370050835, -7.692938251345749], [-0.06235219642122749, 0.9974771794222159, 0.03393346627366597, -6.572938218720881], [0.01941425397475366, -0.032781009212005094, 0.9992739825381437, -4.817067337898887], [0.0, 0.0, 0.0, 1.0]], [[0.9996808014120222, 0.010239603100864208, -0.023096445972444604, -17.395024762926372], [-0.009253949191389438, 0.9990584511513559, 0.04238603080524275, -25.734987258466077], [0.0235087156727981, -0.042158767906529, 0.9988343098712726, -0.5293719914297619], [0.0, 0.0, 0.0, 1.0]], [[0.9952625833967249, 0.08638210939444796, -0.044615258231249115, -1.9518592645907415], [-0.08596046449462055, 0.996234601861622, 0.011287896060942793, -2.2482739209057545], [0.0454223362933315, -0.007399272273622035, 0.9989404697655789, -15.980490235668563], [0.0, 0.0, 0.0, 1.0]], [[0.985810790695408, 0.16599831815817148, 0.024932775961629766, -32.549830926705674], [-0.166253232020133, 0.986046364609239, 0.008510563069602161, -9.4557525478936], [-0.023172133940448664, -0.012534959495762495, 0.99965290326147, -18.86457727472765], [0.0, 0.0, 0.0, 1.0]], [[0.998484824238956, -0.03324294772995168, -0.0438515927957256, 5.2636089392847625], [0.03447124002576903, 0.9990256770820765, 0.02755776010096596, -9.21476549567779], [0.042892766005286326, -0.029027624031606067, 0.9986579032218649, 9.172719856876776], [0.0, 0.0, 0.0, 1.0]], [[0.9913030729970134, 0.12952112777274014, -0.023291520499027513, -20.549411643862626], [-0.12824487332124043, 0.9904912166665583, 0.049803636144579465, -15.947737007004191], [0.029520669597724942, -0.046383479460689894, 0.9984874074817485, -7.636914894805011], [0.0, 0.0, 0.0, 1.0]], [[0.9979783684802965, 0.05576273878900896, -0.030490867618870928, -4.218381972748448], [-0.05501710201908203, 0.9981781158218495, 0.02477029631960918, 1.3546143440729954], [0.03181657635297481, -0.02304270073337935, 0.9992280717694462, -4.884348523282108], [0.0, 0.0, 0.0, 1.0]], [[0.9932774286153654, -0.11297049618028322, -0.025251075146015028, -5.7426802568301385], [0.11386675456109488, 0.9927905615490932, 0.03743344900968449, -32.36063230370234], [0.020840153765567197, -0.04005705795259883, 0.9989800398902918, -20.30871555750567], [0.0, 0.0, 0.0, 1.0]], [[0.9953862701685261, 0.09586360091377928, 0.004042669889485012, -15.004843167729861], [-0.09594733983756007, 0.9942543316824124, 0.04745979254967874, -12.564844080796945], [0.0005302245632506317, -0.047628709310734214, 0.9988649683071837, -13.664500168232536], [0.0, 0.0, 0.0, 1.0]], [[0.9944861312715084, 0.09915087185511189, 0.034153174361901344, -40.1775816296524], [-0.0999646383455605, 0.9947250796861165, 0.023001889572064064, -21.97509971548158], [-0.03169236168329106, -0.02628916989589684, 0.9991518772224339, -30.596742008019866], [0.0, 0.0, 0.0, 1.0]], [[0.9999411683487127, -0.010844958867539924, 0.00021612165998665018, -1.7121994176783426], [0.010843253627489198, 0.9999184345034757, 0.0067489399824569325, -4.53990784859543], [-0.0002892960084253851, -0.006746199469199701, 0.9999772022904022, 11.13388195820795], [0.0, 0.0, 0.0, 1.0]], [[0.9943515076718119, -0.10591556081408815, -0.006853697413000789, -11.176284849570559], [0.10599110447064235, 0.9942970398068307, 0.01180179666266205, -23.498387740634385], [0.005564617137338731, -0.012461565263265728, 0.9999068678768547, 10.095663722490944], [0.0, 0.0, 0.0, 1.0]], [[0.9874799636072383, 0.15727217905598062, 0.0121976706476484, -18.329596752199887], [-0.15774412444122685, 0.9843565753986788, 0.07847881034810136, -20.639831717769372], [0.00033567620660678894, -0.0794203636630184, 0.9968411574353834, -16.872154230106876], [0.0, 0.0, 0.0, 1.0]], [[0.9934113546647747, 0.11329044781098309, -0.017296093717569457, -28.019103312320745], [-0.11093401272194775, 0.9884749385727014, 0.10300942012797508, -46.289085581822626], [0.02876673851007013, -0.10041200251205976, 0.9945299917584259, -26.768478603753156], [0.0, 0.0, 0.0, 1.0]], [[0.9946984521871596, 0.09995191165966212, -0.024178597396237938, -8.484250499991967], [-0.10030638287898613, 0.9948592441213591, -0.013918115533700846, 1.594691907618748], [0.022663158875242524, 0.01626959562663821, 0.9996107649920246, -14.266450312193106], [0.0, 0.0, 0.0, 1.0]], [[0.9871598590856387, 0.15235150434125114, -0.04800449702872064, -24.552224708927618], [-0.1528019313610548, 0.9882396033639594, -0.005835761764655265, -7.631720906200657], [0.046550858019526874, 0.013096009621258987, 0.9988300717087186, -34.23721487286675], [0.0, 0.0, 0.0, 1.0]], [[0.9858490016166489, 0.16728917611564437, -0.010773929923835204, -16.4996256923149], [-0.16684710055097612, 0.9854092947932445, 0.03362390180821833, -9.923229810332657], [0.016241645519688475, -0.03135049105875703, 0.9993764834441442, -36.23088373273774], [0.0, 0.0, 0.0, 1.0]], [[0.9776516206551791, 0.20997712479896427, 0.010340004422705178, -43.2531034265132], [-0.21013237041019045, 0.9775183721571561, 0.017384447101294685, -14.397306263532684], [-0.006457208072831011, -0.019168702522169873, 0.9997954117255796, -35.462946041244486], [0.0, 0.0, 0.0, 1.0]], [[0.9939459701465484, 0.09097729444100472, 0.06159984030525061, -26.654189164074538], [-0.09305782407568632, 0.9951531505273844, 0.031787550609033134, -13.44833233098358], [-0.05840932980043757, -0.037327454930894274, 0.9975946127063077, 3.3166600932713246], [0.0, 0.0, 0.0, 1.0]], [[0.9913337851335048, 0.12192089639571137, 0.048914430130023605, -46.1593398072551], [-0.12295137489642735, 0.9922377945097449, 0.018631117988897567, -19.995535368847094], [-0.046263223665854995, -0.02448375315396439, 0.9986291904243234, -10.408196356333105], [0.0, 0.0, 0.0, 1.0]], [[0.9659791368821824, 0.25497419773004987, 0.043271995566081016, -32.550844196887], [-0.2573516267479597, 0.9642416432260026, 0.06331029678492917, -11.766185569426561], [-0.02558216797951758, -0.07229254429562224, 0.9970553348338969, -3.1631343559634217], [0.0, 0.0, 0.0, 1.0]], [[0.9541306139113124, 0.29247242715560146, 0.06398945968620662, -58.383068551978035], [-0.2932822083223505, 0.9560197239653816, 0.0034400102792831017, -5.309636660050331], [-0.06016907743007905, -0.02204918916575831, 0.9979446454480054, -21.736144785997], [0.0, 0.0, 0.0, 1.0]], [[0.9998637268327274, 0.015926734787927888, -0.004343602556282126, -7.628226554331087], [-0.015559935757091806, 0.997111386096367, 0.07434226332456485, -24.78187042220746], [0.005515085077050829, -0.07426454629214924, 0.9972233255397794, 2.5471856332137404], [0.0, 0.0, 0.0, 1.0]], [[0.9969956945210167, 0.07267281205148798, 0.026800139833356433, -29.301163722747923], [-0.07412982640501112, 0.9955540002300776, 0.05811197349129409, -30.41784703508949], [-0.02245782589034958, -0.05992407708441629, 0.997950274834302, -3.5772302830686398], [0.0, 0.0, 0.0, 1.0]], [[0.9555908407173613, 0.2940259620723417, -0.01987155667079742, -28.13049150407843], [-0.29291408014627845, 0.9550541975577145, 0.04552824814826071, -2.6802704166801], [0.032364900573711795, -0.03768571818108384, 0.998765387794367, -18.34981232269688], [0.0, 0.0, 0.0, 1.0]], [[0.9692529865340079, 0.24177215850829356, -0.04576976584104237, -34.96686243394716], [-0.2395634619683174, 0.9696499754079567, 0.04886995888171445, -17.965508027046756], [0.056196047767238425, -0.03640259003953662, 0.9977559098565909, -39.01925479743952], [0.0, 0.0, 0.0, 1.0]], [[0.9996633393393503, 0.025867175155463117, -0.0020241616473992666, -2.8649822609580173], [-0.02586443298886902, 0.9996645216922495, 0.0013693706466496014, -4.092893559661933], [0.002058904335444819, -0.0013165558401352282, 0.9999970137923683, -3.583538594702008], [0.0, 0.0, 0.0, 1.0]], [[0.9926746784792668, 0.10606322247701297, -0.05785823661219615, -15.569254954856797], [-0.1071125827563924, 0.9941285730179534, -0.015338674145489024, -8.36560127218669], [0.05589165699222233, 0.02142365858293439, 0.9982069672826289, -32.92323039859593], [0.0, 0.0, 0.0, 1.0]], [[0.9893663143853414, 0.1394445249510311, -0.04134634712706488, -6.211642446334508], [-0.1395555359998586, 0.9902142248217297, 0.0002033039519268518, -2.2925147856231436], [0.04097009069263368, 0.005568969553335895, 0.999144853485597, -27.226890847914877], [0.0, 0.0, 0.0, 1.0]], [[0.9902182189782134, 0.12068803711957642, -0.0700162588249142, -17.24778180789709], [-0.1200073178136119, 0.992676196795494, 0.013864053765775684, -17.84737264218211], [0.0711766989596764, -0.005325975202842996, 0.997449503239809, -41.16329500547426], [0.0, 0.0, 0.0, 1.0]], [[0.9974884499472865, -0.06972784488710777, 0.012442663266354166, 1.7902201426005626], [0.06944706984758618, 0.9973489991957422, 0.02172736276760669, -9.123212864433212], [-0.013924679936893586, -0.020808686903553912, 0.9996865017784359, 19.474210617783953], [0.0, 0.0, 0.0, 1.0]], [[0.9935785262283107, 0.11290752788733861, -0.007321363558071966, -21.616409676831143], [-0.11296604861267794, 0.9935654800945142, -0.008143010831131656, -4.077075790377261], [0.00635484687601936, 0.008917786212269215, 0.9999400427076907, 4.450387070422535], [0.0, 0.0, 0.0, 1.0]], [[0.9944491255383301, -0.09412101790775379, -0.04703371879893421, 3.9135242931249405], [0.09320965159572175, 0.9954204954361404, -0.021213159007419376, -2.9903514737722854], [0.04881493178785659, 0.01671141088233398, 0.9986680285164192, 10.319582344389579], [0.0, 0.0, 0.0, 1.0]], [[0.9841299306018475, -0.164673045752225, -0.06611405067221773, -8.968185999212581], [0.1616799559079834, 0.9856576785120901, -0.04835837722409167, -20.302506359146157], [0.07312914296773507, 0.03690160962398097, 0.996639553527735, -7.971369259652016], [0.0, 0.0, 0.0, 1.0]], [[0.9254898132012228, 0.3782438807736194, -0.020004307488022514, -19.52703450214499], [-0.37760865190545895, 0.9254954211811067, 0.029494599148794085, 11.016373448451462], [0.02967004662796592, -0.019743151473807938, 0.9993647463779046, -15.090989154200265], [0.0, 0.0, 0.0, 1.0]], [[0.9231234784486871, 0.38419542036181614, -0.015392287347947734, -39.30087620501654], [-0.38401786959779416, 0.9232298265786107, 0.013302749535311593, 7.184753279696232], [0.019321474228580934, -0.006369167028372534, 0.9997930357554005, -28.304150795019495], [0.0, 0.0, 0.0, 1.0]], [[0.9986631478046315, -0.05154713677036003, -0.003848364291878264, -2.8009816684123785], [0.05150690457150681, 0.9986234776167537, -0.009909022862020587, -6.897556972357598], [0.004353848689020817, 0.009697558630715376, 0.9999434990829219, -20.442053440151053], [0.0, 0.0, 0.0, 1.0]], [[0.9984541663039966, 0.018923505567056895, -0.052260680508828934, -16.38888602924185], [-0.018786867234548543, 0.9998186910910692, 0.003104603751704661, -19.521652242560013], [0.05230995516824477, -0.0021179900843060085, 0.9986286510551866, -28.95684600456916], [0.0, 0.0, 0.0, 1.0]], [[0.9997515739292901, 0.01130304591998624, 0.01921019465899093, -7.499806510106402], [-0.011734667588195106, 0.9996778330105232, 0.022506171686420294, -8.947115372799649], [-0.018949617476355655, -0.022726005815249323, 0.9995621244610977, -8.891850800339398], [0.0, 0.0, 0.0, 1.0]], [[0.9999067952648838, -0.009808138164548412, -0.009497431697921102, -17.540091982936023], [0.009860232960378882, 0.9999365131335294, 0.0054539442909099555, -22.64182431953985], [0.009443335696596094, -0.0055470828465437735, 0.9999400248428991, -41.4431684032121], [0.0, 0.0, 0.0, 1.0]], [[0.998242795659099, 0.038509493114997774, -0.04503709420833004, -0.5575104287895225], [-0.03917908101447005, 0.9991329983345616, -0.014080172223671793, -0.4382610440629564], [0.04445582667733946, 0.015819942446564206, 0.998886084043329, -11.515150249816285], [0.0, 0.0, 0.0, 1.0]], [[0.9989332297503046, 0.003135471802676694, -0.0460713719916936, -15.728646866431738], [-0.0026397120439687035, 0.9999380038823565, 0.010817592712354555, -19.765780851613812], [0.0461024340024181, -0.010684437670747064, 0.9988795765109575, -25.70153422384258], [0.0, 0.0, 0.0, 1.0]], [[0.9969326434236371, -0.002920592279567044, 0.0782098115142713, -23.402621177774307], [0.008304416367075166, 0.9976095585029143, -0.06860178898850601, -2.236816977267888], [-0.07782249768006402, 0.06904084967870676, 0.9945737880773252, -15.255838796854798], [0.0, 0.0, 0.0, 1.0]], [[0.9981378112628987, -0.019453605879765013, 0.057814072210695934, -37.00704734557351], [0.021414283755392338, 0.9992096217517951, -0.0334897036397172, -21.814179927069237], [-0.05711688172994339, 0.034665386438165004, 0.9977654898845414, -22.45870082571878], [0.0, 0.0, 0.0, 1.0]], [[0.9712427348060608, 0.23510635368142374, 0.03758393998865586, -21.00145035909274], [-0.23294091473086684, 0.9709747276875246, -0.05428267160416327, 18.16365754582142], [-0.0492552568848503, 0.04396681306125922, 0.9978180390323891, -7.471443561035754], [0.0, 0.0, 0.0, 1.0]], [[0.9958671386712471, 0.085462395471404, 0.030737941945315164, -33.79644683095442], [-0.08605934298106685, 0.9961154401996792, 0.018649913712041753, -16.92616259027471], [-0.029024672270523688, -0.02121812329328069, 0.999353470821761, -19.384280580724223], [0.0, 0.0, 0.0, 1.0]], [[0.9918331032442398, 0.12692109720930375, 0.012574990739146015, -20.223545127784572], [-0.12708508952805378, 0.9918035429257515, 0.013232998888200611, -8.787441977725488], [-0.010792373629083602, -0.014723020176410404, 0.9998333647905224, -28.16847705627212], [0.0, 0.0, 0.0, 1.0]], [[0.9982032069567788, 0.058502904207299145, -0.01295252178218676, -27.910451656613553], [-0.0582858339849152, 0.9981628029452756, 0.016546309954762247, -29.340656090229206], [0.013896732633584978, -0.015761631125861996, 0.9997792015272018, -44.44546576997532], [0.0, 0.0, 0.0, 1.0]], [[0.9948563946299024, 0.10089329775757644, 0.0090164589277491, -7.931986217565405], [-0.10088599941707793, 0.9948971921630109, -0.0012618033822506857, -4.9084133761934865], [-0.009097757174827619, 0.00034567869346872855, 0.9999585548014619, -22.70359955589694], [0.0, 0.0, 0.0, 1.0]], [[0.976985477709993, 0.2043285713466172, -0.06123080332012051, -19.44793555414558], [-0.20435999364955776, 0.9788785265336445, 0.005815779128602777, -9.901354496214624], [0.0611258483730858, 0.0068311948274433635, 0.9981066904083445, -39.77282599256184], [0.0, 0.0, 0.0, 1.0]], [[0.9992721285427223, -0.03807203816504587, -0.0023943741677393457, 0.020423231844878396], [0.03810638411957043, 0.9991380050167465, 0.016466645696219705, -12.385963124472243], [0.0017653914658219598, -0.016545901036582177, 0.999861548691547, -14.149783567158005], [0.0, 0.0, 0.0, 1.0]], [[0.9891954836168233, 0.14637785004688145, 0.008112965409408656, -31.532683182733503], [-0.14660130423355314, 0.987895718769919, 0.050696217147717576, -20.65842316574445], [-0.0005939605228905124, -0.051337840349200956, 0.9986811670193738, -25.672861415478394], [0.0, 0.0, 0.0, 1.0]], [[0.9724376398981418, 0.23228939602359353, 0.020166135086501415, -22.67255206065322], [-0.23249139247073877, 0.9725630746285903, 0.008295679357276129, -1.9601267165273777], [-0.017685839995596274, -0.012755483682555085, 0.9997622260816194, -22.84305644084623], [0.0, 0.0, 0.0, 1.0]], [[0.990594285772351, 0.1354872548019917, 0.019135432615610633, -39.32333055569587], [-0.1363071131554667, 0.9893341600711125, 0.051364293235746775, -29.95383421233182], [-0.011972130069006697, -0.05348947095088102, 0.9984966422572522, -23.368492829506216], [0.0, 0.0, 0.0, 1.0]], [[0.9938291127118737, 0.10978261356094636, 0.01585788403470424, -11.371320242204236], [-0.10976931667983905, 0.9939556207322613, -0.0017091314710076916, 3.1850674818574554], [-0.015949665889021178, -4.212448113809259e-05, 0.999872795101236, -4.3269212184952845], [0.0, 0.0, 0.0, 1.0]], [[0.9941663682098941, 0.10720391980644842, -0.01185545859451468, -24.599935040667866], [-0.10735640542687865, 0.9941346354665304, -0.013073973369014526, -8.110279791550026], [0.01038434081554289, 0.014270464041740311, 0.999844247531517, -30.20464169409877], [0.0, 0.0, 0.0, 1.0]], [[0.9982725156840495, 0.05706918440955838, -0.013967556001864351, -5.008280461591653], [-0.05617818966506433, 0.996762938252671, 0.057512224195007386, -15.37901135997458], [0.017204517889015808, -0.056628200719505015, 0.9982470893759111, -11.55336437325941], [0.0, 0.0, 0.0, 1.0]], [[0.9993072847087094, 0.029870350735385378, -0.022197136640847534, -16.620413090430507], [-0.028515273825624673, 0.9978481704337041, 0.05904157789862507, -29.853415490589896], [0.02391296482573911, -0.05836772146533415, 0.9980087069781441, -15.536537126938748], [0.0, 0.0, 0.0, 1.0]], [[0.9988494091913004, 0.046602209528106044, -0.011317765914132685, -0.047961379704909456], [-0.04594760134150202, 0.997564318446987, 0.05248093456063173, -13.342392143078062], [0.013735926949099697, -0.05190052628339534, 0.9985577898561262, 6.312282982631733], [0.0, 0.0, 0.0, 1.0]], [[0.9896706791179585, 0.14335743841353987, -0.0007692500945253447, -24.13731433445867], [-0.14328673364998015, 0.9893250326202901, 0.026549798319082555, -12.716569104342113], [0.00456714945227923, -0.02616533359948676, 0.9996471959964219, -11.7