[[[0.984420773748792, 0.14629154547303294, -0.09754242120709218, 2.7048441597363424], [-0.15869964498941896, 0.9780931285560126, -0.13471545773126678, 24.53273601361662], [0.07569783941475898, 0.1480966427527102, 0.9860716107430094, -37.156227205670646], [0.0, 0.0, 0.0, 1.0]], [[0.9896158940212781, 0.11202407260704164, -0.09006103184509628, -15.03206326605983], [-0.1236361080539158, 0.9829855764502101, -0.1358435470536993, 9.886378246702707], [0.07331094792561087, 0.1455677287292154, 0.9866283703942778, -62.80367719031333], [0.0, 0.0, 0.0, 1.0]], [[0.8477862752698859, 0.5270306071484274, -0.05913688014070686, -15.92366578885388], [-0.5267599967079399, 0.8238839709792121, -0.2091389687068802, 61.69669668063211], [-0.06150071001433565, 0.20845609008202745, 0.9760961638975175, -26.040579832238304], [0.0, 0.0, 0.0, 1.0]], [[0.9247984793937608, 0.37289626452436503, -0.07547283229586538, -25.242302548667286], [-0.3795836389732735, 0.9177740238782861, -0.11664948400257155, 29.970323280463926], [0.025768848146413795, 0.13652551775412922, 0.9903013427574319, -42.17954009008422], [0.0, 0.0, 0.0, 1.0]], [[0.9456560567288869, 0.31907612366293053, -0.06265021692070928, -0.9114583659427129], [-0.32111387165653327, 0.9466986078135187, -0.025448524391394268, 20.02239094376779], [0.05119085662230275, 0.04418340494106539, 0.9977110417982208, -24.451976984488766], [0.0, 0.0, 0.0, 1.0]], [[0.8431218319146717, 0.533926235581846, -0.06378363039408162, -27.948587590216494], [-0.5372667185619082, 0.8413429166139118, -0.059047182738185405, 35.94492129201445], [0.02213706562686775, 0.08405279067941301, 0.9962153776691254, -36.78035585013339], [0.0, 0.0, 0.0, 1.0]], [[0.9973010269612695, 0.03561054381561154, -0.06420709299723072, 2.0255221058582134], [-0.038580946722028185, 0.99821301067812, -0.045632180124965546, 6.399667146285924], [0.062467368857913715, 0.04798619053521215, 0.9968927491690813, -22.85685377186229], [0.0, 0.0, 0.0, 1.0]], [[0.9929725081937153, 0.08872144849592084, -0.07832051167011025, -11.577387920653944], [-0.09140881728925852, 0.9953178153984396, -0.03141455828524792, -5.786317806869852], [0.07516665546145532, 0.03835297807555458, 0.9964331502812791, -46.91497476806026], [0.0, 0.0, 0.0, 1.0]], [[0.9974805021217035, 0.07090468606836309, -0.0022745066672979967, -2.538200678739415], [-0.07078898145732544, 0.9927301614828835, -0.09734344655087145, 15.851831637604876], [-0.004644135147381382, 0.09725919995411635, 0.9952482504546377, 1.3899725200538149], [0.0, 0.0, 0.0, 1.0]], [[0.9970752658931507, 0.07641454492984683, 0.00131585229736165, -20.089122694589065], [-0.07588837914858561, 0.9919545658861133, -0.10132666543360533, 4.422927750976192], [-0.009048096722767409, 0.10093045398123263, 0.9948523384929239, -21.294105720189666], [0.0, 0.0, 0.0, 1.0]], [[0.9977468896548418, 0.06305287354750065, -0.022923335741011904, -1.9898664823437824], [-0.06393437334524796, 0.9971519839670624, -0.040003959497805976, 5.627416909629629], [0.0203356851136786, 0.04137941526839848, 0.9989365364741685, -23.995529801560178], [0.0, 0.0, 0.0, 1.0]], [[0.9408505421024242, 0.3387573408185426, 0.006612221043103424, -36.498595820635536], [-0.33808745077089086, 0.9399166288570915, -0.047472164782746226, 11.8388625170647], [-0.022296480816794507, 0.04242870301422599, 0.9988506755785449, -41.359307415613664], [0.0, 0.0, 0.0, 1.0]], [[0.9777038065363453, 0.20690602285580467, -0.03584918953516011, -5.827596522840666], [-0.208861066891781, 0.9758462403438846, -0.06404037744680312, 18.013706899562948], [0.021732957027558748, 0.07010002077528316, 0.9973031964583974, -21.188992660882974], [0.0, 0.0, 0.0, 1.0]], [[0.9613033136283857, 0.26757169147552745, -0.06558451896606403, -20.05984729898196], [-0.27154241912785365, 0.9604470516411857, -0.06169421048970777, 14.182999412900358], [0.046482833619283195, 0.0771158279128248, 0.995937997700681, -52.44304340230783], [0.0, 0.0, 0.0, 1.0]], [[0.9471893192509859, 0.3206207188967146, -0.005894752836712023, -15.738042522815523], [-0.3201460598813482, 0.9444121938864052, -0.07478040104944056, 24.70099689180977], [-0.018409069484918963, 0.07271837905798306, 0.9971826028907029, -14.143555496334727], [0.0, 0.0, 0.0, 1.0]], [[0.9911841731081676, 0.12656511639144158, -0.03918170864955409, -17.738302259195176], [-0.12875865986934731, 0.9898764468411478, -0.0597145501347323, -0.22054616525361145], [0.03122727155112069, 0.06423310129492867, 0.9974462222142652, -30.856425001305144], [0.0, 0.0, 0.0, 1.0]], [[0.9802861652976377, 0.19148292877862105, -0.048716753919134215, 1.390244355428876], [-0.1935224425574032, 0.9802274384997703, -0.041270243987615585, 13.817672793805436], [0.039850951716019614, 0.04988443443141631, 0.9979596408917482, -17.732414670111698], [0.0, 0.0, 0.0, 1.0]], [[0.9545919156521441, 0.2964406499141137, -0.029617826558804412, -25.274192446207753], [-0.29737758198008585, 0.9541217581806352, -0.0349033566003174, 8.82658258703297], [0.01791223903499341, 0.04212613968534971, 0.9989517205791081, -43.3496432759444], [0.0, 0.0, 0.0, 1.0]], [[0.9942940887846321, 0.10507805370864047, -0.018381176152301986, -7.218129487314475], [-0.10486371888529726, 0.9944109990600759, 0.01226235743596818, 4.849729375796971], [0.01956694839476109, -0.010264871024331313, 0.9997558536729704, -4.695512847083936], [0.0, 0.0, 0.0, 1.0]], [[0.9945642912875566, 0.08779785973485314, -0.05597683736741354, -13.637653464833594], [-0.08844346704522993, 0.9960391015039475, -0.009157587686065668, -6.555968435286865], [0.05495110219730033, 0.014058595277896584, 0.9983900701960685, -26.850775961509573], [0.0, 0.0, 0.0, 1.0]], [[0.9984971998591898, -0.037123540573893846, -0.04031357846450068, 6.107391253216111], [0.03792899719882494, 0.9990920652728073, 0.019401965890278868, -4.987920467544799], [0.03955670669869433, -0.02090186221786163, 0.9989986882428711, -12.994470072235877], [0.0, 0.0, 0.0, 1.0]], [[0.9932459970158669, 0.019244023423038208, -0.11442052689288738, 3.6371478098513528], [-0.016649402618647096, 0.9995830950043986, 0.023588844267319546, -19.89279676525304], [0.11482676867522919, -0.021524491722668435, 0.9931523092918235, -42.1106310411411], [0.0, 0.0, 0.0, 1.0]], [[0.9473930793252564, 0.30964680832298475, -0.08102596708461557, -4.883355745098434], [-0.30843016414130514, 0.9508511142604038, 0.027440706213860026, 7.598060976905208], [0.08554055818368397, -0.001006282831192596, 0.9963341810359049, -22.99954936760652], [0.0, 0.0, 0.0, 1.0]], [[0.9496116437637634, 0.3075586969491136, -0.06037693234377906, -27.398180547842895], [-0.30991302545928145, 0.9501456934318449, -0.03430856895286987, 12.150502746474396], [0.046814983487733976, 0.05129141432912809, 0.9975858600326883, -42.39046023043946], [0.0, 0.0, 0.0, 1.0]], [[0.9844837932124091, 0.16060222869409188, -0.07070067213679394, -3.179759425257128], [-0.16450675278976418, 0.9849320840638761, -0.053350895664046834, 13.590021868879163], [0.0610670876059374, 0.0641538301278981, 0.9960698253090726, -38.081883113050104], [0.0, 0.0, 0.0, 1.0]], [[0.9937597956166571, 0.020139000768263735, -0.10970820053211484, -1.4141809457964976], [-0.025145015221525055, 0.9986955801651212, -0.04443946858545266, -9.03096901463446], [0.10867012848730846, 0.0469207715910985, 0.9929699111090156, -56.27855306395725], [0.0, 0.0, 0.0, 1.0]], [[0.9532314991663225, 0.27891133623771214, -0.11643957881759008, 7.637503029896397], [-0.28618455173454094, 0.9568190105111319, -0.050948831910038524, 21.355567639819295], [0.09720139580080014, 0.08188924009044973, 0.991890135555236, -35.56784770385804], [0.0, 0.0, 0.0, 1.0]], [[0.9516555038887852, 0.2891459776592114, -0.10366487120369823, -13.503768799157207], [-0.2952836728060676, 0.9541293297711612, -0.04944466244796564, 14.963879348029232], [0.08461296881885175, 0.07766482906652568, 0.9933825143587575, -50.90690258578582], [0.0, 0.0, 0.0, 1.0]], [[0.9334565220196932, 0.35521948939935294, -0.04977987394280259, -5.111016214879831], [-0.35588234992588275, 0.9345181595878552, -0.004854112870330071, 14.884967445067092], [0.04479592068625781, 0.02224688183520816, 0.9987484176400381, -29.020327785155644], [0.0, 0.0, 0.0, 1.0]], [[0.9490234450505257, 0.31432463722222437, -0.02354831585365239, -26.10910885356074], [-0.3146414920244907, 0.9491451518785233, -0.011145051013454792, 3.6558376263218477], [0.018847605710771008, 0.017986191942909926, 0.9996605747244208, -36.40758539099037], [0.0, 0.0, 0.0, 1.0]], [[0.9835937111169928, 0.16249041554374233, -0.07835991518324455, -0.6934198774353754], [-0.16609354174866858, 0.9852214715540862, -0.041851969824473964, 12.30660425183413], [0.07040132697958641, 0.05418041016112099, 0.9960462520958987, -25.545194505989198], [0.0, 0.0, 0.0, 1.0]], [[0.994518195251848, 0.026310664307854562, -0.10119934909221769, -3.5258816884968733], [-0.029229852544898915, 0.9991951329163297, -0.02747184152037914, -11.716589631667285], [0.10039509466708324, 0.030279288300697548, 0.9944867971304563, -41.54809622025917], [0.0, 0.0, 0.0, 1.0]], [[0.9993398671483212, 0.025149639002914868, -0.02621689504880923, 1.1848970248958164], [-0.026275825440658155, 0.998706263353509, -0.04353596830074841, 7.928523938709281], [0.025088063404521205, 0.04419609933574197, 0.998707812064228, -15.463493576550025], [0.0, 0.0, 0.0, 1.0]], [[0.9767068898772002, 0.2104832339557588, -0.0417188145796156, -19.440998015729363], [-0.21126611975834633, 0.9773089640405414, -0.01529102508834629, -0.9022870765272973], [0.03755366704670983, 0.023748621634226304, 0.9990123748291687, -36.5517332565374], [0.0, 0.0, 0.0, 1.0]], [[0.8188343147051022, 0.5683097121444266, -0.08083585926892045, -8.27031690497384], [-0.5726061649668311, 0.8185760344009504, -0.045337134298403345, 45.21019365654369], [0.04040476337516748, 0.08341071266170137, 0.9956957909471461, -23.869551004976522], [0.0, 0.0, 0.0, 1.0]], [[0.8854968740584962, 0.45859416205072195, -0.07474410054063672, -27.82539393645168], [-0.4619009094986756, 0.8862607367455886, -0.034488495291388935, 26.5498343761387], [0.05042653901398618, 0.0650638227908866, 0.9966061725310097, -41.68450782900188], [0.0, 0.0, 0.0, 1.0]], [[0.9668549397793149, 0.24866858267329456, -0.057926344745659906, 1.4266205840322899], [-0.25136001733632074, 0.9668495056898565, -0.04494635727138762, 16.570363230203597], [0.04482931082475799, 0.058016974572425745, 0.9973085598511824, -19.51446062338389], [0.0, 0.0, 0.0, 1.0]], [[0.9766325708330802, 0.19684502506813056, -0.0862604062933659, -11.839568849550913], [-0.20181770515523964, 0.977975206006681, -0.053236362780176585, 6.019789001887341], [0.07388122544897459, 0.06940124308769204, 0.9948492508837923, -46.51553312553601], [0.0, 0.0, 0.0, 1.0]], [[0.9908320843699092, -0.09886125267158262, -0.09207732241646145, 18.40821923173706], [0.09739330330249463, 0.9950386576051062, -0.020312910752876293, 0.04127435649435284], [0.09362865509558393, 0.011158969111504338, 0.995544651109813, -28.011984190076717], [0.0, 0.0, 0.0, 1.0]], [[0.9926807177904213, -0.04691260479691107, -0.11128432072068131, 7.889145349567723], [0.04439972296911209, 0.9987021432528382, -0.02495383061684385, -13.231893752155875], [0.11231053880807758, 0.01983019347754504, 0.993475267079801, -48.09834370572223], [0.0, 0.0, 0.0, 1.0]], [[0.9123186140347681, 0.4086861952161409, -0.025501771025478483, -15.06176340574773], [-0.4094406659431045, 0.9095829463415591, -0.07083222992874658, 27.91508515305081], [-0.005752178521971768, 0.07506302394898644, 0.9971622008870404, -3.4101358742514467], [0.0, 0.0, 0.0, 1.0]], [[0.9614254920181814, 0.27414212046757114, 0.02251934908342407, -40.04447122448171], [-0.273107057321044, 0.9611278908618724, -0.040567384052334156, 6.870662264663598], [-0.03276520317406283, 0.03285232401144661, 0.9989230031729222, -37.65416572461161], [0.0, 0.0, 0.0, 1.0]], [[0.9941484024963311, -0.0715226095149646, -0.08095350605233831, 11.574038322455403], [0.0686992897136835, 0.9969457313852248, -0.03714318599173652, 5.825437191927669], [0.08336282988737516, 0.03136439065168089, 0.9960255587043028, -39.52168120362609], [0.0, 0.0, 0.0, 1.0]], [[0.9416395024870179, 0.3124964291493921, -0.1251440335168977, -12.976545238505647], [-0.31883151698798995, 0.9472100459012094, -0.03375785418184936, 17.605583111011963], [0.10798847684422945, 0.07168759106501434, 0.9915641069321524, -57.79078195043009], [0.0, 0.0, 0.0, 1.0]], [[0.993630157124618, -0.08139344801410044, -0.0779372662651526, 11.784241918646819], [0.07737583203207746, 0.9955786223239814, -0.05325586717751389, 2.0313380228552513], [0.08192735483251676, 0.04688617484782921, 0.9955348286917387, -19.74341657452011], [0.0, 0.0, 0.0, 1.0]], [[0.985157993532608, -0.12330145667909816, -0.11941724565413318, 7.888431387348978], [0.12108698604724837, 0.9923103482951097, -0.025653741957713742, -18.440786654977362], [0.12166211238015125, 0.01081311459534168, 0.9925126734525601, -35.153696425432834], [0.0, 0.0, 0.0, 1.0]], [[0.998028896535867, 0.022843122662307033, -0.05845094889250455, 5.863153174274455], [-0.021523813454398185, 0.9995013828376477, 0.02310218950683586, -4.096820380393211], [0.0589495303949034, -0.021798565380875032, 0.9980229333104299, -15.059939359845313], [0.0, 0.0, 0.0, 1.0]], [[0.9930244892610858, 0.0836907449606221, -0.08305554127027634, -11.155028629663548], [-0.0850203583594966, 0.9962995816272223, -0.012596916838944379, -10.414887134399642], [0.08169395566494045, 0.019570458792797944, 0.9964653003243296, -37.625545073168304], [0.0, 0.0, 0.0, 1.0]], [[0.9633243516154938, 0.2333487132741944, -0.13249366625567505, 9.49258516366522], [-0.23874029517022974, 0.970731139739217, -0.026155798642687186, 17.756611287758354], [0.12251230569466849, 0.05682809475851766, 0.990838686466922, -23.961879215127645], [0.0, 0.0, 0.0, 1.0]], [[0.9536063011883775, 0.2502105595660477, -0.1674207221805795, 0.6026008307631237], [-0.2616588516582088, 0.9638713307461179, -0.04986685386723324, 11.399872387896913], [0.14889482087275246, 0.09136045997779203, 0.9846235822231346, -49.573356606672746], [0.0, 0.0, 0.0, 1.0]], [[0.9950123246644011, 0.039830866453444906, -0.09145477485355091, 11.155912929526531], [-0.04733265747700054, 0.995558569923836, -0.08138030097863432, 14.403342140843918], [0.08780713696568633, 0.08530319999141872, 0.9924783477583345, -15.505108454714923], [0.0, 0.0, 0.0, 1.0]], [[0.9974999980046616, 0.0706612799392049, -0.000858777068228016, -21.035899708709586], [-0.0705740073090129, 0.9954993092019795, -0.06324899106491061, 0.4135916251849308], [-0.0036143426853304248, 0.06315147580013507, 0.9979974086295104, -31.969110939233225], [0.0, 0.0, 0.0, 1.0]], [[0.9532671823221027, 0.30089127637379104, 0.027315177279860978, -21.167444961045067], [-0.2989122447705174, 0.9524136338960923, -0.0596635558368273, 21.271635666159124], [-0.04396759072237024, 0.0487104688028619, 0.9978447480420375, -10.876943225089265], [0.0, 0.0, 0.0, 1.0]], [[0.9414842115994888, 0.3336692990116248, 0.04766841937785605, -47.08055411589061], [-0.3307724243383259, 0.9418261133368201, -0.05960851897344979, 15.170964385999438], [-0.06478489489254774, 0.04035308084834202, 0.9970830187400701, -36.52604827307965], [0.0, 0.0, 0.0, 1.0]], [[0.9915884094168109, 0.12851138474083446, -0.015402931611652945, -5.369592306799816], [-0.12911699361216183, 0.9904387200286316, -0.04857925306757844, 11.907196876951213], [0.009012672788744147, 0.050159404502447213, 0.9987005586606849, -29.535056898383395], [0.0, 0.0, 0.0, 1.0]], [[0.9891653460829143, 0.1425628012800739, -0.03503948914931093, -20.20211048307721], [-0.1438276498490108, 0.9889221377376896, -0.03669622093935309, -1.7376546311943], [0.029419810461266467, 0.04133827746166562, 0.9987119812883621, -49.552530622037885], [0.0, 0.0, 0.0, 1.0]], [[0.9977764878873957, 0.030113985283061466, -0.05945778426299265, 7.528452067844176], [-0.029067621146862763, 0.9994083427710276, 0.01838580432096416, -2.0324363016952485], [0.059976275475853574, -0.016616626915167954, 0.9980614881308696, -13.85051796167824], [0.0, 0.0, 0.0, 1.0]], [[0.9929523137537073, 0.10410137949526195, -0.05664455312157433, -12.993856636846335], [-0.10435307106227973, 0.9945391895346214, -0.001495673657447296, -7.704736541199414], [0.056179526262066286, 0.007396165695969476, 0.9983932880192894, -35.46284838862197], [0.0, 0.0, 0.0, 1.0]], [[0.9421804286251241, 0.33482573425828543, -0.013702831611569335, -10.826202792802956], [-0.33426635041524905, 0.9361406969849818, -0.1091173791315621, 36.146300012002314], [-0.023707528252542645, 0.10738865455377944, 0.9939344193543559, -19.496868312303878], [0.0, 0.0, 0.0, 1.0]], [[0.989524689525805, 0.12655826003671258, -0.06945427010154402, -11.963557896128268], [-0.13363224871048873, 0.9850191507287241, -0.10899401268987913, 11.133871443133348], [0.05461969354945582, 0.11713359686333923, 0.991613034183405, -49.30013552231685], [0.0, 0.0, 0.0, 1.0]], [[0.9880989001875506, 0.11767658649572704, -0.09905949948827826, 9.798605805929048], [-0.1232680642112777, 0.9909923620376884, -0.05233662893776827, 13.852047480034589], [0.09200841153806995, 0.0639246382365909, 0.993704228044022, -12.15218715637618], [0.0, 0.0, 0.0, 1.0]], [[0.9915379969498678, 0.09128244045876327, -0.09230339467502607, -4.785648341957148], [-0.09572154498642722, 0.9943968601153265, -0.04485833722051074, -0.6872364403858987], [0.08769142734642149, 0.05331416937991245, 0.994719967082835, -48.5552873246083], [0.0, 0.0, 0.0, 1.0]], [[0.9952237459248753, -0.030865332183547037, -0.09261223902087574, 13.65412366302201], [0.022206146560055984, 0.9954077793413073, -0.09311412289100196, 11.290360173874998], [0.09506094151760658, 0.09061282522913955, 0.9913388589689106, -38.20258219067986], [0.0, 0.0, 0.0, 1.0]], [[0.9815346782306935, 0.16476590461558532, -0.09716929611135436, -8.629019830998873], [-0.17366429143258277, 0.9805379603283875, -0.09157522719745224, 9.646466799025127], [0.0801897082660066, 0.10675909811933511, 0.991045965461219, -49.912742165932876], [0.0, 0.0, 0.0, 1.0]], [[0.974730721461718, 0.22316723953384598, -0.009818545592945292, -9.748217572537657], [-0.22320095747229646, 0.9712198499250454, -0.08314647133234897, 20.775528753417298], [-0.009019602106957843, 0.0832369287661074, 0.9964889665557854, -6.378199306074697], [0.0, 0.0, 0.0, 1.0]], [[0.9779362420915036, 0.20764295780440684, -0.022915245540619557, -23.308016640818458], [-0.20860540803416355, 0.9765061837627245, -0.05403199803876643, 4.38415802634623], [0.011157515084004819, 0.057620093260930656, 0.9982762316662428, -19.064753171428112], [0.0, 0.0, 0.0, 1.0]], [[0.9951942806742886, 0.08370468594098515, -0.05081209762159339, -0.7260890536363086], [-0.08691550003568206, 0.9941147753721474, -0.06466459031287303, 13.751197646383757], [0.04510032778963647, 0.06877018931415993, 0.996612573418057, -11.689330909757242], [0.0, 0.0, 0.0, 1.0]], [[0.992554528267393, -0.06111930752794882, -0.10535624643654905, 3.8136056712215067], [0.055337975316690956, 0.9968420545860338, -0.056952846255006295, -7.127971364932753], [0.10850445568613354, 0.05069860408335803, 0.9928023139780922, -38.71221448398505], [0.0, 0.0, 0.0, 1.0]], [[0.9592892579643867, 0.2805529910120686, -0.03246750357383159, -10.027495831703268], [-0.2814573340591352, 0.9591731952814019, -0.027722744416581943, 18.893228175751986], [0.0233642602805872, 0.035732347919565345, 0.9990882396733993, -18.94130735756492], [0.0, 0.0, 0.0, 1.0]], [[0.9726260059005988, 0.23006353108833513, -0.032702053590202756, -24.70018633922443], [-0.23151062853054163, 0.9714947213336601, -0.050998385251179494, 12.112170663130676], [0.02003700384896284, 0.05717322873514205, 0.9981631832484897, -35.299626979102044], [0.0, 0.0, 0.0, 1.0]], [[0.9975005835807174, 0.026599486825170902, -0.06546031665647424, 9.989373895747772], [-0.03044572027997214, 0.9978243053346199, -0.05847831906027562, 8.209552440709615], [0.06376240171732876, 0.060325143879805754, 0.9961401674177772, -13.578759884324178], [0.0, 0.0, 0.0, 1.0]], [[0.9957668635311612, 0.045389428704130576, -0.07992592354943985, -2.7448907767609336], [-0.05228150614216758, 0.9948909696587315, -0.08636320169504451, 1.162120858282656], [0.07559760319497402, 0.09017626213935184, 0.9930524881081325, -36.31965213309584], [0.0, 0.0, 0.0, 1.0]], [[0.9256034436296436, 0.37511553627259375, -0.0504638443627323, -3.266728270634268], [-0.3774186946420932, 0.9247781250408577, -0.04837921434428129, 22.835310424305334], [0.028520064438919454, 0.06382596566316767, 0.9975534331711557, -16.744525473477914], [0.0, 0.0, 0.0, 1.0]], [[0.9562410307691944, 0.2546605646481961, -0.14405237896865328, -0.8478896161542915], [-0.2617579222112963, 0.9645911893539164, -0.03235162407698264, 9.595659056195478], [0.1307129727039039, 0.06864280176286036, 0.9890410934501404, -57.65727108665472], [0.0, 0.0, 0.0, 1.0]], [[0.9935559895584222, -0.0610291935168408, -0.09550881190374524, 14.63479926385316], [0.06300086442599405, 0.997855373613752, 0.017763570354337482, -5.9887216230111395], [0.09421988481291253, -0.023666239431730084, 0.9952700751137852, -28.981436970959262], [0.0, 0.0, 0.0, 1.0]], [[0.9841647891567921, 0.14597604798000932, -0.10055178367439772, -8.10532046068567], [-0.15275870267640776, 0.9862283922033374, -0.06339035548598665, 8.502956220945636], [0.0899135503724871, 0.07774671586734, 0.9929103693844971, -56.363854441078345], [0.0, 0.0, 0.0, 1.0]], [[0.9879682769913662, 0.1523298442308998, -0.026726432895144002, -7.170964949073748], [-0.15420883116928685, 0.9834279948429006, -0.09533632753926619, 21.440068583493847], [0.01176095438777238, 0.09831071923173804, 0.9950862688410633, -14.956812512349572], [0.0, 0.0, 0.0, 1.0]], [[0.9835344864646579, 0.18010472453446283, -0.014906446091154477, -25.333870512551606], [-0.18071300407649632, 0.9808954568887831, -0.07202022502461287, 8.329003038351244], [0.0016504824602030588, 0.07352816368788848, 0.9972917752856159, -32.27096715719235], [0.0, 0.0, 0.0, 1.0]], [[0.9785415341363044, 0.19846278397456493, -0.05539845979113923, -2.4554289814183674], [-0.20122804367668923, 0.9782783149783402, -0.04978767800559135, 14.593277658562288], [0.04431411071225225, 0.05986703450314843, 0.9972222409130168, -17.697227907690582], [0.0, 0.0, 0.0, 1.0]], [[0.9846270214355994, 0.1453314614543402, -0.09689373029459891, -12.31138262348817], [-0.14990749984014587, 0.987819719718155, -0.04171262192213657, -2.603472873079899], [0.08965138119702075, 0.055596471538111356, 0.9944202643761704, -46.26389612875635], [0.0, 0.0, 0.0, 1.0]], [[0.9945907618856102, -0.012658424169047318, -0.10309694791484382, 17.338498921226893], [0.018246466365412998, 0.9984043223024565, 0.053440393645138064, -11.522418026071135], [0.10225596724385035, -0.05503247682348979, 0.9932346870995269, -29.397167136314717], [0.0, 0.0, 0.0, 1.0]], [[0.9918161348653132, 0.1121297170601061, -0.061054739151464414, -14.016564955237616], [-0.1120819451167213, 0.9936900171591186, 0.0042175084068835295, -8.509582629794812], [0.06114239281942661, 0.0026601410358129815, 0.9981255088664869, -51.00199064846983], [0.0, 0.0, 0.0, 1.0]], [[0.9737557009079493, 0.2009317410331113, -0.10689373412259703, 7.782883614485311], [-0.20535010397664996, 0.9781666652336051, -0.031957938333824314, 15.898440085927286], [0.09813852325182405, 0.05306986405835376, 0.9937567206226984, -17.167763003357518], [0.0, 0.0, 0.0, 1.0]], [[0.989464957139455, 0.12471086798491939, -0.07352753225469076, -9.662455052406065], [-0.12372273158525904, 0.9921560567748154, 0.017861822251130005, -11.801268747055902], [0.07517834982292781, -0.008576620050873337, 0.9971332194378064, -28.643355971346132], [0.0, 0.0, 0.0, 1.0]], [[0.9419331992315592, 0.32005118923207904, -0.10163210347390152, 6.760730964353718], [-0.3261787160670335, 0.9439638376688914, -0.050395618443269376, 23.057041290060994], [0.07980785281073155, 0.08061953512983087, 0.9935447635538064, -33.21001589659798], [0.0, 0.0, 0.0, 1.0]], [[0.8792155557217908, 0.47259571224997887, -0.060276855755390005, -23.898964166613975], [-0.47570632404952656, 0.8777789347420096, -0.0566359866380747, 27.555537236401914], [0.026143829790362765, 0.07846932194250708, 0.9965736629460833, -52.089933984801434], [0.0, 0.0, 0.0, 1.0]], [[0.9878885691691048, 0.14111925928563243, -0.06450991833582925, 2.8097951958686833], [-0.1457549928872455, 0.9865564329249162, -0.07390457836226845, 20.124683839239527], [0.053213315565373044, 0.08241213086154293, 0.9951766595602014, -4.134137154981671], [0.0, 0.0, 0.0, 1.0]], [[0.9151889892841659, 0.3984316391195358, -0.06067407058659341, -22.219906366904013], [-0.40088910330989136, 0.9154422008464052, -0.03540485499026069, 19.55475851567589], [0.041437190305542125, 0.056725707205909595, 0.9975295250776143, -38.51254530483297], [0.0, 0.0, 0.0, 1.0]], [[0.9782935834837228, 0.18870210521970987, -0.0856339885806232, 6.854289119216826], [-0.1905932715645754, 0.9815634780752116, -0.014399421627557429, 10.682596263032442], [0.08133799449758305, 0.0304081238248206, 0.996222603967892, -16.059950351619605], [0.0, 0.0, 0.0, 1.0]], [[0.9974676140775671, 0.03984011292206849, -0.05891624791823728, -8.187595635311009], [-0.039359454723570775, 0.9991818660501408, 0.00929687476647551, -13.489987961310426], [0.0592384350761357, -0.006954420099273733, 0.9982196370793421, -38.074717542516545], [0.0, 0.0, 0.0, 1.0]], [[0.9860194243897982, 0.1580111390383397, -0.05289777562258238, -3.1069031705735006], [-0.15982682591394562, 0.9866251189583342, -0.03203529863644678, 10.858135696958964], [0.047128340139283256, 0.04004191029732994, 0.9980859506953575, -29.433111881953046], [0.0, 0.0, 0.0, 1.0]], [[0.9973376279664382, 0.06858782518064924, -0.02476622860393923, -19.74875241138431], [-0.07007205350082736, 0.9954159748535867, -0.06509181457336133, 0.5707706189950846], [0.020188193590588085, 0.06665393644237647, 0.9975718969559431, -44.335649763052096], [0.0, 0.0, 0.0, 1.0]], [[0.9925098368336174, 0.11889445060171136, -0.02807727559113252, -2.046421922178841], [-0.1200563371328904, 0.9917853414525488, -0.04413969182133208, 12.035362690741701], [0.02259866595038258, 0.04717993319161868, 0.9986307396637132, -0.9844319150465124], [0.0, 0.0, 0.0, 1.0]], [[0.997743961376846, 0.06372796596843923, -0.0211124107947715, -18.115672610203763], [-0.06383868805397279, 0.997949573866581, -0.004611933115079511, -9.037411440503218], [0.020775212239331892, 0.005949317022639222, 0.9997664708237496, -15.549913342285047], [0.0, 0.0, 0.0, 1.0]], [[0.9794704955472315, 0.19646818133175484, -0.045142021184854914, -6.341798206556933], [-0.19655476188402643, 0.9804895156510038, 0.0025564192090116815, 2.040423367075654], [0.04476353351976183, 0.0063689420354756865, 0.9989773083730054, -33.1151912841328], [0.0, 0.0, 0.0, 1.0]], [[0.9906452851127158, 0.13005578185741476, -0.04132085054072639, -18.9140082359789], [-0.12865007084113084, 0.9910707976101654, 0.03504045372036596, -19.56699650154561], [0.04550910190856877, -0.02939672991701052, 0.9985312984146604, -41.05360637424764], [0.0, 0.0, 0.0, 1.0]], [[0.9547363277801434, 0.29502892861605573, -0.037900866699228396, -12.245365074024395], [-0.29650657833108895, 0.9540985915766272, -0.04218680549517991, 17.442135197434585], [0.023714835510290414, 0.05151513206001404, 0.9983906037947075, -8.281134799346926], [0.0, 0.0, 0.0, 1.0]], [[0.8816611073328204, 0.4692833212633863, -0.04946570732001006, -29.910892357344707], [-0.4718268632411929, 0.8783178967870136, -0.07705247113242322, 33.46799586909502], [0.007287176451818409, 0.09127341654414972, 0.9957992069145853, -34.76711799918986], [0.0, 0.0, 0.0, 1.0]], [[0.9688714359188461, 0.2470821536196459, -0.015445064688454975, -14.74713997795544], [-0.24711389328010624, 0.9689864296359824, -0.00015142410668470073, 9.315116369526567], [0.014928643893573164, 0.003963400558803559, 0.9998807064082733, -10.085621995006841], [0.0, 0.0, 0.0, 1.0]], [[0.9872305237646752, 0.15873786012462104, 0.013348584583466246, -30.0732347045583], [-0.1589133719199796, 0.9872028074213379, 0.013310042992151114, -9.175955606104418], [-0.011064952433158281, -0.015261349300989364, 0.9998223132362898, -25.63705485762604], [0.0, 0.0, 0.0, 1.0]], [[0.9831293556983339, 0.1828121558360018, 0.006032051290245172, -15.496779965688857], [-0.18283945179430747, 0.9831332452409761, 0.004330931712911035, 6.810206901033481], [-0.005138563197222982, -0.005360763055591291, 0.9999724283137646, -10.345538712066059], [0.0, 0.0, 0.0, 1.0]], [[0.9583180105980424, 0.2857034985015708, -0.00031860221375103296, -36.3955622523308], [-0.2855992951168164, 0.9579371549381712, -0.028097149637259487, 8.844725718506421], [-0.007722253051089501, 0.027016997111524006, 0.999605146382755, -37.29881496834461], [0.0, 0.0, 0.0, 1.0]], [[0.971771617271629, 0.2334465309050482, -0.03409752298448955, -9.207981694284094], [-0.23309285167833652, 0.9723528490118235, 0.01405914346784763, 3.035244170730344], [0.03643688188827997, -0.005714387717581874, 0.9993196182459693, -21.71189014569939], [0.0, 0.0, 0.0, 1.0]], [[0.9757916793161232, 0.21821425359249658, -0.014599250202969465, -31.772402907491283], [-0.21837494368997967, 0.9758085848749041, -0.010487595188290885, -3.8436414676131525], [0.011957530924801146, 0.013421818561759447, 0.9998384230667863, -29.935333336355804], [0.0, 0.0, 0.0, 1.0]], [[0.9976494035950745, -0.047581176323149864, -0.04931226182301655, 7.463600078398897], [0.04781329800535794, 0.998850025596489, 0.0035376404208698644, -1.22801720671938], [0.04908722889150743, -0.0058871067258767645, 0.9987771452802445, -18.71906762784984], [0.0, 0.0, 0.0, 1.0]], [[0.9771226249629275, 0.21117363577850642, -0.025240272138843837, -23.445809515198423], [-0.21200920518908642, 0.9765672198045271, -0.036994082207098204, 7.485264658160842], [0.016836647547778513, 0.04149892474920668, 0.9989966799464395, -37.69880008206745], [0.0, 0.0, 0.0, 1.0]], [[0.9539424078727389, 0.28093241507125427, -0.10521815729328546, -0.9903332438047925], [-0.28483479489968133, 0.9582812260725848, -0.02379561664007532, 13.91425837271403], [0.09414362472530147, 0.052669440086805436, 0.9941644270464138, -43.28030338339765], [0.0, 0.0, 0.0, 1.0]], [[0.9451467071567953, 0.2922089387506257, -0.1459850611018125, -12.089140861613892], [-0.29651772343267635, 0.9549922402489786, -0.008189063105249564, 0.8437364978934808], [0.13702168310515703, 0.0510270240017154, 0.9892529005166263, -61.72106380717517], [0.0, 0.0, 0.0, 1.0]], [[0.9881687927991819, 0.13770556425554376, -0.06752491770354352, 2.1842028865100787], [-0.14212603265600549, 0.9876645882670994, -0.0657179726151502, 17.795365089433847], [0.05764223954074047, 0.07453749832295055, 0.9955508694006977, -24.69115526662207], [0.0, 0.0, 0.0, 1.0]], [[0.9915661147662297, 0.04311026874982232, -0.12222170337432843, 1.1545277433489478], [-0.04912491525766596, 0.9977035036235105, -0.0466311222071572, -5.198254627104786], [0.11993074146494452, 0.052241971495051547, 0.9914067750756893, -46.951764064231995], [0.0, 0.0, 0.0, 1.0]], [[0.9633335731691572, 0.21367145544478183, -0.1622742614626597, 13.593750702744831], [-0.22968976881304595, 0.9693526833352213, -0.0871664236585212, 23.901138237471784], [0.13867601417603775, 0.12124307996300601, 0.9828881313014887, -35.18531975033203], [0.0, 0.0, 0.0, 1.0]], [[0.9534049122202775, 0.24393431794166565, -0.17752498946508355, -0.7352326395451912], [-0.2601227829909818, 0.9627254836603597, -0.07413353411210817, 14.988450801751497], [0.15282411826433087, 0.116857569892836, 0.9813200788914241, -66.92487986537927], [0.0, 0.0, 0.0, 1.0]], [[0.9973943475359066, 0.06888927850501499, -0.021419215916660916, -2.062385085273816], [-0.06945120691636901, 0.9972279337736027, -0.026701647130691224, 8.395507779661232], [0.019520383225893587, 0.02811966231466415, 0.9994139478864726, -10.936620805332428], [0.0, 0.0, 0.0, 1.0]], [[0.9501537372170787, 0.3057582679945203, -0.060989812308365914, -20.611953938493876], [-0.30884089140998605, 0.9498124935095885, -0.04973460531846512, 12.519876830317308], [0.04272211892572585, 0.06609166911259949, 0.9968985464070081, -31.68970744742221], [0.0, 0.0, 0.0, 1.0]], [[0.9521336790382431, -0.27865789677066777, -0.12566317602403176, 31.269933091219837], [0.2750590704816535, 0.9603505986621607, -0.04548884912808331, -3.4229432720462847], [0.13335653334901731, 0.008746668884594879, 0.9910295307388945, -16.433200635133826], [0.0, 0.0, 0.0, 1.0]], [[0.9559223825719556, -0.269986435594362, -0.11541110472137488, 21.53209782304177], [0.2661451600810912, 0.9627478823805392, -0.04778356136997552, -18.994501529565227], [0.12401271008798655, 0.014961268891354396, 0.9921678326622957, -18.698696860777403], [0.0, 0.0, 0.0, 1.0]], [[0.894771770935648, 0.44319744549868406, -0.05440130733835842, -7.19804027136913], [-0.4426040644779613, 0.8964177721905964, 0.023169372206313977, 12.300107965830955], [0.05903490530415381, 0.0033469395403613812, 0.9982503082651363, -26.493799704086662], [0.0, 0.0, 0.0, 1.0]], [[0.8750067350220654, 0.4813224970354856, -0.051883210324256634, -30.187199230512793], [-0.4822154256725954, 0.8760352985008095, -0.005517157238883532, 15.984964623825514], [0.04279599174483352, 0.029846434093971, 0.9986379190990353, -48.62319997009182], [0.0, 0.0, 0.0, 1.0]], [[0.9924055704958921, 0.08625391218431117, -0.08770089099677064, 6.972582621234011], [-0.08851583346829225, 0.9958266610317562, -0.022230798540720176, 7.565405380439873], [0.08541739210570576, 0.029824885770873635, 0.9958987625831339, -36.88043859842491], [0.0, 0.0, 0.0, 1.0]], [[0.9887998071450647, 0.08025374894523529, -0.12583432429236371, 0.1791209355463962], [-0.0812431756025662, 0.9966905366387822, -0.0027423699067015495, -11.004409146481533], [0.12519779474052709, 0.012934834940181689, 0.9920474798300617, -58.914598687040595], [0.0, 0.0, 0.0, 1.0]], [[0.992157418705412, 0.11723784392453182, -0.04334679295796093, -4.090353552467508], [-0.12004111477444013, 0.9903679341758226, -0.06900351962055139, 16.188576508355045], [0.034839449931405246, 0.0736657512568852, 0.9966742546189484, -31.372432602082856], [0.0, 0.0, 0.0, 1.0]], [[0.9865780310993149, 0.1525233601939042, -0.058313061550247965, -18.080512238340923], [-0.15706504441848101, 0.9840578508311008, -0.08343091776733179, 9.975165659044745], [0.04465826210258392, 0.09147005418627026, 0.9948059453044812, -44.32137999404301], [0.0, 0.0, 0.0, 1.0]], [[0.9363043634244193, 0.32272756381516465, -0.1384956988008081, 8.038192658847807], [-0.3341244935237651, 0.9400493924599118, -0.06832248943969974, 27.196388063601926], [0.10814324694534903, 0.11024545019944954, 0.9880035318005891, -41.023934119180616], [0.0, 0.0, 0.0, 1.0]], [[0.9428658595014229, 0.3091487063899978, -0.12422177073297135, -12.184763843385367], [-0.3158184318719502, 0.9480716038834048, -0.03766897927861361, 14.162894263266733], [0.10612581720102962, 0.07474831936131514, 0.9915392073317496, -66.98599372599242], [0.0, 0.0, 0.0, 1.0]], [[0.99468178659028, 0.10247592664169622, 0.010335757567421057, -16.740790785508285], [-0.10199525734874836, 0.9940003034292925, -0.03950144631319357, 5.149912775518075], [-0.014321693472819873, 0.03823717093872404, 0.9991660561962014, -21.731143689658733], [0.0, 0.0, 0.0, 1.0]], [[0.9939928253337998, 0.1094331738626659, 0.001625928434698898, -32.58268874569674], [-0.1094215115683284, 0.9939769565940441, -0.006061564661498199, -12.334317818238992], [-0.00227947165664325, 0.005847240236799415, 0.9999803067013782, -35.4625606875384], [0.0, 0.0, 0.0, 1.0]], [[0.9596707787081205, 0.2810473603883062, -0.006661659892018514, -11.369207777948564], [-0.28010548342973984, 0.9539000088938923, -0.1077761160221722, 26.51982433961986], [-0.0239356354906908, 0.10529555665363298, 0.9941528710931011, -22.323126409715584], [0.0, 0.0, 0.0, 1.0]], [[0.9992949313704714, 0.034131757668996614, -0.015641715241946103, -18.600668674488258], [-0.03463886120542523, 0.9988421196638583, -0.033385165565001595, -9.4525977975033], [0.014484109626639962, 0.03390343793535066, 0.9993201526360254, -30.295002438351016], [0.0, 0.0, 0.0, 1.0]], [[0.8938719351930743, 0.43662040596622226, -0.10176239270023554, -7.726291194718925], [-0.4448901192550422, 0.8919089774862174, -0.08106267740904209, 38.28613526938131], [0.055369172500773244, 0.11773273535163865, 0.9915005082011805, -37.3659020114063], [0.0, 0.0, 0.0, 1.0]], [[0.9048181000669887, 0.41383465465735175, -0.1002251684747647, -22.235435739679918], [-0.4200736456272148, 0.9060400524619422, -0.05127919250750233, 24.01268084900072], [0.0695869099804327, 0.08850029344240398, 0.993642470922003, -61.764589758814076], [0.0, 0.0, 0.0, 1.0]], [[0.9596003952632612, 0.2747620470400228, -0.06060444634655093, -4.733249697388107], [-0.2784401802677866, 0.9583141823659058, -0.06407022622723081, 23.47838534153397], [0.040474033935821975, 0.07835652737802018, 0.9961034620932808, -27.68906050221347], [0.0, 0.0, 0.0, 1.0]], [[0.9718689293943317, 0.20535994106722158, -0.1153172956792881, -12.860892001332454], [-0.20982610331966348, 0.9773406997811624, -0.02789557163701875, 1.8728700190781427], [0.10697565350865201, 0.05130741813945875, 0.9929369357619154, -53.70316568716213], [0.0, 0.0, 0.0, 1.0]], [[0.9951157515665604, -0.05712223113306861, -0.08050895412621145, 8.989597489674143], [0.05670683419641872, 0.9983631620775677, -0.007438518797147292, -4.508334238220243], [0.08080207880702087, 0.0028367793104030624, 0.9967261292569812, -24.32200676165913], [0.0, 0.0, 0.0, 1.0]], [[0.9978015503331491, 0.0184089263853574, -0.06366457085458566, -10.629555798711115], [-0.016396554324383167, 0.9993537416350161, 0.031988311715016746, -22.003441520309824], [0.06421229756867142, -0.03087410742722803, 0.997458555696186, -40.87037492617608], [0.0, 0.0, 0.0, 1.0]], [[0.9364173495534506, 0.3457322648476144, -0.05993119804099016, -7.7548883540824685], [-0.34874605233595485, 0.9358690031169469, -0.050253357947278726, 20.788688393266796], [0.03871354330691534, 0.06795888498371135, 0.9969367339587772, -40.114009955371735], [0.0, 0.0, 0.0, 1.0]], [[0.9490346334210626, 0.30758520068490186, -0.06873579043685363, -22.266436858864505], [-0.3100593971856921, 0.9502883890093634, -0.028550795625241966, 7.656473554024854], [0.0565370213594191, 0.048407871608014075, 0.997226274815393, -64.9769832973743], [0.0, 0.0, 0.0, 1.0]], [[0.9211938505647617, 0.38309163856174655, -0.0681372595996357, -0.2032812854589875], [-0.38725962044960327, 0.9196905477884411, -0.0648018724870734, 28.44124391963487], [0.0378401380930498, 0.08608189573120456, 0.995569199592085, -28.311244439467124], [0.0, 0.0, 0.0, 1.0]], [[0.9357167520823066, 0.3491632802027316, -0.05019127046216665, -20.918232840650237], [-0.3513644619347925, 0.9351615246251069, -0.04489919542842674, 13.8137378029061], [0.03125979465401785, 0.05964835805715909, 0.9977298725703626, -45.39584589194559], [0.0, 0.0, 0.0, 1.0]], [[0.9969233191173785, -0.009425821745471442, -0.07781419976082658, 13.059005794763676], [0.009059650462382609, 0.9999461712691369, -0.005057400290144894, 1.1088560404311796], [0.07785768127484062, 0.004336870832513331, 0.9969550506506751, -11.953598595422735], [0.0, 0.0, 0.0, 1.0]], [[0.9927697004102086, -0.07774785187447865, -0.09145268435825975, 4.134886567890454], [0.07925584690358253, 0.9967699366738302, 0.012969351365676871, -20.939427694323513], [0.09014894718754764, -0.02012373902023764, 0.9957249632548266, -32.564214048423466], [0.0, 0.0, 0.0, 1.0]], [[0.9790557333853485, 0.19171061499864747, -0.06853401361452847, 4.5257495398645675], [-0.19044447736859757, 0.9813893130365484, 0.02461538741220709, 4.994597871336902], [0.07197757960002367, -0.011047911770631672, 0.9973450614909709, -14.227511307378506], [0.0, 0.0, 0.0, 1.0]], [[0.9880647958803392, 0.12635253764923235, -0.08810786214374984, -7.728789442232605], [-0.12818082194685224, 0.9916314254503863, -0.015388077991233137, -6.747341030587324], [0.08542620222725619, 0.026498156328964326, 0.9959920741071151, -36.54256639496924], [0.0, 0.0, 0.0, 1.0]], [[0.9974183535059977, -0.038644916627868994, -0.06052436293108748, 12.19450241205261], [0.03903464352537977, 0.9992239624977148, 0.005269665570010494, 0.005095520819696759], [0.06027374796904095, -0.007618608087982794, 0.9981528100028414, 8.19208461066245], [0.0, 0.0, 0.0, 1.0]], [[0.9960