[[[0.998251721938009, -0.008648343460843144, 0.05846969987249429, -11.644325512169464], [0.013676088706713925, 0.9961888521295229, -0.08614369095033426, 6.60994490348225], [-0.05750186297401466, 0.08679272462737812, 0.9945655125260827, -8.529833330351611], [0.0, 0.0, 0.0, 1.0]], [[0.9968078116557867, -0.06730609435127327, 0.04294270933672988, -20.6466542090168], [0.0703435113971954, 0.9947999927614031, -0.0736530026965965, -12.962507831300094], [-0.037762110988582176, 0.07643862940352684, 0.9963589508347859, -44.967240499656086], [0.0, 0.0, 0.0, 1.0]], [[0.9769396830972725, 0.2089628491885169, 0.04385639347709536, -23.791797463477856], [-0.2053919366669537, 0.9758509520221699, -0.07435772851304019, 22.38391129968033], [-0.058335306136153564, 0.0636352661378739, 0.9962668041049856, -9.363970009189476], [0.0, 0.0, 0.0, 1.0]], [[0.9988657646489925, -0.0476031855171265, -0.0010587449204608045, -19.6151429354666], [0.04756192665863884, 0.9985557381952135, -0.024986013085977574, -19.93579320335502], [0.0022466296318763143, 0.024907317118397544, 0.9996872401952833, -33.033598367268155], [0.0, 0.0, 0.0, 1.0]], [[0.9981965645603957, -0.03034505959696708, 0.05179571273648853, 2.824234843653532], [0.02950304485310106, 0.9994210591754321, 0.01694452185976737, 0.25169177641317186], [-0.052279908609524535, -0.015385832272475369, 0.9985139394725877, 25.242944463596483], [0.0, 0.0, 0.0, 1.0]], [[0.9954320549128167, 0.0473141789833732, 0.08292401654033052, -24.008136488759195], [-0.04876164271977393, 0.9986899085579971, 0.015516724644441787, -10.818479541482331], [-0.08208121740886151, -0.0194893563657612, 0.9964350649877454, -2.347201194363259], [0.0, 0.0, 0.0, 1.0]], [[0.9991334068532628, 0.022460047833905383, 0.03504256784384712, -12.286957407185605], [-0.0236350233080324, 0.9991597504815117, 0.03348400649494675, -12.106000173843267], [-0.03426107095554236, -0.03428322139215557, 0.9988247292433018, -1.5175470815084031], [0.0, 0.0, 0.0, 1.0]], [[0.9975889136624022, -0.06892605425779849, 0.008096813096338966, -17.764481910737732], [0.06867223172784225, 0.9972381692856808, 0.028287069647822596, -35.171787398181664], [-0.010024167166581343, -0.02766284085545522, 0.9995670479304636, -25.801299786021538], [0.0, 0.0, 0.0, 1.0]], [[0.925489593903656, -0.3712463683449238, 0.07513418374316047, 22.01743661686941], [0.37559137773942136, 0.9251359417546134, -0.055268492304459384, -3.0473882960013206], [-0.048991106783262996, 0.07937016608594193, 0.9956406220075791, 10.658748267955053], [0.0, 0.0, 0.0, 1.0]], [[0.918122467392355, -0.3862164550840548, 0.08881432706312407, 11.697089558847026], [0.39048600677442613, 0.919886343288831, -0.036466339877530445, -23.12004598150533], [-0.06761518603636542, 0.0681613178643638, 0.9953804405172213, -7.47479496362824], [0.0, 0.0, 0.0, 1.0]], [[0.980984010562697, -0.1934755849613428, 0.015413274934152888, 6.106148006073478], [0.19285722875477346, 0.980613089746955, 0.034699532186491175, -27.93901815218043], [-0.02182797144396524, -0.031067124759117343, 0.9992789267375981, -11.58640223889938], [0.0, 0.0, 0.0, 1.0]], [[0.9981270522732736, 0.004828256140304412, 0.06098422306556291, -30.660365728281104], [-0.006730466432463304, 0.9994959467111484, 0.03102504358721187, -27.800308368272294], [-0.06080368691015541, -0.0313773875686062, 0.9976564394657625, -24.030302480796923], [0.0, 0.0, 0.0, 1.0]], [[0.9958172942629095, 0.03555435605925389, 0.08416533854331515, -15.572553554616716], [-0.03865531577771192, 0.9986216339952296, 0.03550491062970351, -9.69467677399569], [-0.08278697366750655, -0.038609841775247636, 0.9958190584182773, -5.992468297062898], [0.0, 0.0, 0.0, 1.0]], [[0.9800904687859099, -0.19742170655222527, 0.02115047935676802, -7.367061981798531], [0.19675485550271848, 0.9799937001632593, 0.029997907867477976, -42.65731579539864], [-0.02664957468925969, -0.02523920407477895, 0.9993261643460313, -37.28736731707809], [0.0, 0.0, 0.0, 1.0]], [[0.9803402034476683, 0.17814926075233647, 0.08482880641375816, -25.582939480177114], [-0.17712821064171907, 0.9839950709236462, -0.01947555885801275, 11.026522507134946], [-0.08694068379676764, 0.004067098642179499, 0.9962051878049956, -5.9024018787393775], [0.0, 0.0, 0.0, 1.0]], [[0.9910101745232348, -0.12673394915382827, 0.0428642056184863, -14.51851708964078], [0.12761742328976688, 0.9916503001690542, -0.018533090608620184, -27.788789261238513], [-0.04015753060522376, 0.023836700830897534, 0.9989089970708996, -31.2101966591662], [0.0, 0.0, 0.0, 1.0]], [[0.987090037397945, -0.15523006474299572, 0.03945738295438113, 6.3972320892911005], [0.155935264669882, 0.9876463941686067, -0.015452938817003617, -8.299667035097224], [-0.036571181305191325, 0.021406239408956564, 0.9991017573862575, -2.131884085863473], [0.0, 0.0, 0.0, 1.0]], [[0.9882450496197523, -0.13052667721798386, 0.07958962518120825, -13.515308576837924], [0.12947022555011395, 0.9914141519863552, 0.018315019442450522, -28.68571967293845], [-0.0812968793869453, -0.007795240574031187, 0.9966594461631993, -14.849162845385516], [0.0, 0.0, 0.0, 1.0]], [[0.9698784901277105, -0.23809572345567268, 0.05144065376443035, 12.233513662791427], [0.2378435449301568, 0.9712405207917797, 0.011058883631326809, -10.899778366658134], [-0.05259432025084769, 0.0015090540860076406, 0.9986148207557889, -1.8923911342630766], [0.0, 0.0, 0.0, 1.0]], [[0.9250602615929074, -0.3791877272074314, 0.02191300885139702, 18.4912665398049], [0.3794947664620913, 0.9251161228131788, -0.011995063109024371, -32.00059829432642], [-0.015723697069754662, 0.019412028394000167, 0.9996879205552529, -10.197543299407712], [0.0, 0.0, 0.0, 1.0]], [[0.9913344204921174, -0.13026037487921466, 0.01697944297912318, 1.6701653371788563], [0.1289037881391326, 0.9895106035222742, 0.06521180046866255, -27.72058006595215], [-0.02529585244534083, -0.06245798790634798, 0.9977269764799153, -25.12012430932457], [0.0, 0.0, 0.0, 1.0]], [[0.983501397500036, -0.18077476441672694, 0.0067443061581103445, -4.711352698238803], [0.1803405772982244, 0.9827065940719912, 0.04201221426171811, -41.42906501517142], [-0.014222422269802512, -0.04010279937244111, 0.9990943339781655, -30.34969015782556], [0.0, 0.0, 0.0, 1.0]], [[0.9992495563641378, 0.01635882700268575, 0.035110011181599766, -8.545897493418243], [-0.017862604648914208, 0.9989173943546873, 0.04295307452091827, -9.169203947277156], [-0.034369338969966405, -0.043547996908459154, 0.9984599744126097, 5.117304439689284], [0.0, 0.0, 0.0, 1.0]], [[0.9991060753449234, 0.028372840570576107, 0.03133739183180292, -27.131395248246122], [-0.029987842983648948, 0.9981795584336048, 0.052328753075879426, -27.401993505839865], [-0.02979562857285097, -0.05322171589910465, 0.9981381014041593, -21.495896251926073], [0.0, 0.0, 0.0, 1.0]], [[0.9982553285564801, -0.01942812246587205, 0.05575703602274709, -5.338826915361525], [0.018339407432537085, 0.9996323291693042, 0.019971795476957734, -6.320028397416708], [-0.05612455027538518, -0.018914400254861477, 0.998244599444135, -10.503098545608468], [0.0, 0.0, 0.0, 1.0]], [[0.9229746046418046, -0.38480088565544096, -0.006793937377781854, 18.963128963895205], [0.38450344416214105, 0.922734381818679, -0.026802276715820562, -34.92566510241842], [0.016582539424232313, 0.022125528434105684, 0.9996176670996543, -47.130066135323034], [0.0, 0.0, 0.0, 1.0]], [[0.9684296746216319, -0.23755352963863854, 0.07557966570755366, 3.9055365597384424], [0.24093487965801075, 0.969750305898885, -0.03917560431182903, -3.152988304999816], [-0.06398710085963404, 0.05614859539865245, 0.9963699042817058, -4.993080753808378], [0.0, 0.0, 0.0, 1.0]], [[0.9077892662809957, -0.4178118587760174, 0.03676817497699765, 14.282817218672607], [0.41887371053220035, 0.9076020060808021, -0.028344544150317404, -32.20846121996736], [-0.021528182691450043, 0.041132094819398175, 0.9989217627651192, -37.391436709796174], [0.0, 0.0, 0.0, 1.0]], [[0.9925618773492496, 0.11640196734525891, 0.03565812153048824, -14.899929923232897], [-0.11729679297112892, 0.9928040131836395, 0.024117499147866747, -0.9774375951774632], [-0.032594201809799425, -0.02812069353007662, 0.9990729926305525, -10.566134133155636], [0.0, 0.0, 0.0, 1.0]], [[0.9954872146017506, 0.06444487393811714, 0.06965675694107192, -32.96504149565135], [-0.06738723429328532, 0.9968944468331559, 0.040748282510016505, -19.810605902867177], [-0.06681441624940866, -0.04525837045580002, 0.9967384379489613, -27.989541381019237], [0.0, 0.0, 0.0, 1.0]], [[0.9760256483670782, 0.2035727911329787, 0.07701981848818344, -27.64735252052331], [-0.20706986159044022, 0.9774897182583376, 0.04044654645517878, 0.12477271263970457], [-0.06705226432075231, -0.05542534988219403, 0.9962088257187335, -4.671123256586342], [0.0, 0.0, 0.0, 1.0]], [[0.9991738917017429, 0.04036619799648558, 0.004701510491298419, -25.84025285107877], [-0.040581784051563825, 0.9972064726769424, 0.06270860909317805, -32.07708921899175], [-0.0021570685625418922, -0.06284760067430827, 0.998020804464866, -21.070400668719063], [0.0, 0.0, 0.0, 1.0]], [[0.9686724870451462, -0.23358003204371378, 0.08434442170191028, 8.46782686307985], [0.2320660034477762, 0.9723121387458061, 0.027467706335575808, -18.584992222097483], [-0.08842501278229353, -0.007033738552031729, 0.9960580021446721, 8.421906380238525], [0.0, 0.0, 0.0, 1.0]], [[0.9372723530379714, -0.3424276122404283, 0.06529828945675407, 10.494782964816146], [0.34186272128201367, 0.9395373528657994, 0.019986054327432907, -42.50878056479636], [-0.06819395888431379, 0.0035906747613288167, 0.9976656208502107, -11.366852774369354], [0.0, 0.0, 0.0, 1.0]], [[0.9459104220131598, -0.3242058516597357, 0.012001636408072697, 25.10314225277954], [0.32357403895464665, 0.9454572699795586, 0.03755518549254162, -29.19616502726764], [-0.02352264529051247, -0.03164042339140733, 0.9992224821160455, -11.930324453349167], [0.0, 0.0, 0.0, 1.0]], [[0.9894693234792407, -0.1416738858680251, 0.029647393757091862, -6.399986193972311], [0.13935261402404445, 0.9878009613685598, 0.06949899052516186, -41.418812797291054], [-0.03913191610693231, -0.06463567731837123, 0.9971413753121465, -19.023442017807522], [0.0, 0.0, 0.0, 1.0]], [[0.9961266044283577, 0.01765354823462576, 0.08614023557405148, -9.908562877910846], [-0.016517932491638073, 0.9997672470872414, -0.013878384552983914, -0.10716552682294024], [-0.08636518891444077, 0.012401769483688872, 0.9961863531776796, -4.937977406912628], [0.0, 0.0, 0.0, 1.0]], [[0.9453802333055723, -0.3251395696935813, 0.02324811163454035, 9.671979085313168], [0.3257109882440696, 0.9450652072592746, -0.02764247031387906, -35.045701954219304], [-0.012983320537161402, 0.033704810449772006, 0.9993474966899015, -43.84463148744034], [0.0, 0.0, 0.0, 1.0]], [[0.8988641460665596, -0.4370573570467473, 0.032001774440585724, 31.678078504588676], [0.43614291617081896, 0.8993142359254637, 0.031831772426463, -32.848017382660906], [-0.042691961656117904, -0.014655091712739885, 0.9989807929569223, -7.066143473698604], [0.0, 0.0, 0.0, 1.0]], [[0.9315245959905302, -0.3636723825200922, 0.0020797251829932986, 12.310516242666404], [0.36364542150373974, 0.9315020041119493, 0.008125500279413216, -44.65745726025383], [-0.004892288221742219, -0.006812820824219788, 0.9999648248755412, -32.31911767971295], [0.0, 0.0, 0.0, 1.0]], [[0.9913476791973389, -0.00582760023412843, 0.13113282588872138, -21.345091099039884], [0.00980617652943309, 0.999510315315963, -0.029714785526016373, -5.269351620917326], [-0.1308954462612207, 0.030743595308531185, 0.9909193778989194, -5.087461708897814], [0.0, 0.0, 0.0, 1.0]], [[0.9918132397659397, -0.07917585552828096, 0.10018822948008392, -28.629395237193545], [0.07979085268696454, 0.9968093301449024, -0.002139898024571382, -29.551993003938566], [-0.09969913365960761, 0.010116483451932064, 0.9949662001847548, -22.882801295422855], [0.0, 0.0, 0.0, 1.0]], [[0.9877955351140072, -0.1518665321671659, 0.034590999065487384, 5.187755279866643], [0.15040505661876907, 0.9877513384844802, 0.04154048947255031, -18.476601279935316], [-0.040475915707173515, -0.035830848854491296, 0.9985378563269544, -2.14096646536921], [0.0, 0.0, 0.0, 1.0]], [[0.954435795023881, -0.2981081436919069, -0.013559050176702062, 11.12831433678248], [0.29838250052765564, 0.9540262110140291, 0.028317345869129863, -46.945217541040094], [0.004494057853700185, -0.031072871814073543, 0.9995070185252467, -28.400741710680844], [0.0, 0.0, 0.0, 1.0]], [[0.9947077668560287, -0.09538571775731423, 0.03818407265098644, 0.45151504028544975], [0.09649960613137798, 0.9949256890533728, -0.028472781356255836, -3.110947527632173], [-0.03527441810693314, 0.03200684473037327, 0.9988649945401137, 1.8945961350216958], [0.0, 0.0, 0.0, 1.0]], [[0.9923942135834967, -0.12292461557049716, 0.006577517224744007, -5.98037630773426], [0.12294739837277836, 0.9924081007435158, -0.003177862806317635, -25.4095132757667], [-0.006136943812813571, 0.003962381291086245, 0.9999733183716168, -11.797895882527264], [0.0, 0.0, 0.0, 1.0]], [[0.9995485071683986, -0.013016519313810298, 0.027080473451883764, -10.561626171031154], [0.012653459946392491, 0.9998283303464645, 0.013535131620537884, -8.711683422383732], [-0.0272520048585424, -0.013186358919483677, 0.9995416190282606, -12.39638167299536], [0.0, 0.0, 0.0, 1.0]], [[0.9923768549306855, -0.12316841567658621, -0.004209415351400648, -11.756570312231851], [0.12323180775157443, 0.9921308324048816, 0.022143462915203097, -36.25479948952809], [0.0014489155116641976, -0.02249339394839388, 0.9997459416634423, -30.87603173731184], [0.0, 0.0, 0.0, 1.0]], [[0.9946237407365006, -0.10278540920485336, 0.01260055625445712, 9.000120937944859], [0.10268876944527755, 0.9946806184413629, 0.008092213969212513, -7.876549953445784], [-0.013365290612087318, -0.006754772512802099, 0.999887864740419, 5.1228689715781845], [0.0, 0.0, 0.0, 1.0]], [[0.9446255613600422, -0.32750803592437105, 0.02051914301784269, 11.6180636226358], [0.3278768403389156, 0.9445434207507204, -0.01828944739180524, -31.289090363217568], [-0.013391280543514178, 0.02400443128860155, 0.999622159060071, -28.066797861974557], [0.0, 0.0, 0.0, 1.0]], [[0.9967897710054516, -0.06059202463797909, 0.052333153632933505, -4.6967850276903444], [0.06118509797739889, 0.9980782821190849, -0.009804414705159865, -6.595040436762778], [-0.05163851473845647, 0.012974949421296114, 0.9985815512431225, -4.1623995156662], [0.0, 0.0, 0.0, 1.0]], [[0.957184404122641, -0.2672731534005223, 0.11118937888002678, -7.255608395967463], [0.26829096780062284, 0.9633193326585889, 0.0059849747550061415, -36.9690222867324], [-0.10871050133722326, 0.024102381574312926, 0.9937812144035804, -30.82707082041138], [0.0, 0.0, 0.0, 1.0]], [[0.998349834868086, -0.049231299558363334, 0.029561569015498813, -7.012179935646304], [0.048710485649123496, 0.9986491557931023, 0.01808734976583164, -19.71077881564532], [-0.030412099675785977, -0.016617544268624322, 0.9993993002878223, -10.508694478833181], [0.0, 0.0, 0.0, 1.0]], [[0.9962393608505817, -0.04542392250310609, 0.0737821330435502, -27.636384981053332], [0.04354988937539525, 0.9986913625482866, 0.026813606747988883, -36.53295087861678], [-0.07490355817593168, -0.02349956671678799, 0.9969138515121096, -24.490496345469204], [0.0, 0.0, 0.0, 1.0]], [[0.9854208392887839, -0.16127730602869297, 0.05417933236500096, 2.289405543314015], [0.16078744480749863, 0.98689929810084, 0.013310634858859928, -16.36880865139467], [-0.055616248414160116, -0.004405220561739582, 0.9984425005698322, -10.290138651735353], [0.0, 0.0, 0.0, 1.0]], [[0.9845974971648582, -0.17361923407328853, 0.020594420033157212, -7.4746922612171005], [0.173599221846226, 0.9848124905095184, 0.002769243728041036, -32.83388528155651], [-0.020762436058477395, 0.0008485848484617361, 0.9997840772650219, -37.06151944893103], [0.0, 0.0, 0.0, 1.0]], [[0.9980664579416249, 0.04474802386326369, 0.04313884435389829, -2.3746482077942646], [-0.04594171469773237, 0.9985767857760888, 0.02708803720689391, 3.8738746964279693], [-0.041865312401667805, -0.029017533827372276, 0.9987017965078893, 10.453105639530119], [0.0, 0.0, 0.0, 1.0]], [[0.9964887114107074, -0.07871011655085575, 0.02854760206351789, -6.6531934902073235], [0.07627969346155612, 0.9940269995502556, 0.07804955176377645, -32.73781739978298], [-0.03452037653962227, -0.07559789492880133, 0.996540667452109, -1.4561062956895814], [0.0, 0.0, 0.0, 1.0]], [[0.9942512781055777, 0.02690016400740774, 0.1036377207477905, -16.943764310885673], [-0.027588340716705864, 0.9996057803555708, 0.005212229487310528, -2.4907611276829087], [-0.10345665489431516, -0.008041458580630951, 0.9946014556102227, 0.49570305234891], [0.0, 0.0, 0.0, 1.0]], [[0.9904291023111168, -0.13277448704088357, 0.037697863151992674, -15.619829282974438], [0.13322210587409222, 0.9910396155519942, -0.00960993824245407, -26.043887437874023], [-0.036084121184646184, 0.014540151222800874, 0.9992429735558558, -30.71154942256394], [0.0, 0.0, 0.0, 1.0]], [[0.9964256930204909, 0.0742478753696318, 0.0402876071730406, -3.472491683509729], [-0.07508000210711711, 0.9969858836204725, 0.019548430758036535, 8.438268379449944], [-0.03871474618577378, -0.02250335229698223, 0.9989968806573766, 21.867105722026455], [0.0, 0.0, 0.0, 1.0]], [[0.992715278499373, -0.10708654172277565, 0.05521637814787511, -7.810169116509591], [0.10569757927091121, 0.994018042593204, 0.02749823149664967, -21.74052771205179], [-0.05783076664010558, -0.0214616770320992, 0.998095686218906, 5.695871299053921], [0.0, 0.0, 0.0, 1.0]], [[0.9465118458051491, -0.31800512738981246, 0.054663193323437075, 16.30108072277009], [0.3205543511466105, 0.9460807730003393, -0.046648461068440505, -6.25656861330985], [-0.036881346389496195, 0.061675845457255477, 0.9974145860050517, -13.113494452830585], [0.0, 0.0, 0.0, 1.0]], [[0.9170109227947064, -0.3962257484565216, 0.045783443899203566, 12.950363642733114], [0.39820854821480645, 0.9160254151170649, -0.048243040827336325, -29.287255733225393], [-0.022823663243626932, 0.06247075411487423, 0.9977857912780987, -41.7597836595765], [0.0, 0.0, 0.0, 1.0]], [[0.9495104054882664, 0.3077633450277552, 0.06092383217457685, -32.67830438205941], [-0.3099795395903945, 0.9502429232278262, 0.03083945347708935, 12.137251638653403], [-0.0484011870188745, -0.048167523423625395, 0.9976658833409111, 12.004737668687541], [0.0, 0.0, 0.0, 1.0]], [[0.9932825701503277, 0.1121750556279116, 0.02839881565195821, -35.30178954605542], [-0.11278927151652772, 0.9933962751021577, 0.02103380241260343, -17.739091521941866], [-0.025851809730267843, -0.024095591049741454, 0.9993753481178301, -15.620132051068103], [0.0, 0.0, 0.0, 1.0]], [[0.9959062279135206, -0.05512270371226938, 0.07163988231783068, -0.7680634537580681], [0.056263965167623546, 0.9983176295067168, -0.014009883643569193, -0.7222982599659177], [-0.07074709482854916, 0.017983274216317395, 0.997332166543214, 2.4085920308581987], [0.0, 0.0, 0.0, 1.0]], [[0.9878229456737749, -0.1545094892727522, 0.018238577934111364, -3.0659583650976447], [0.15466704802740058, 0.9879377163025861, -0.007561280401916796, -22.23271275851133], [-0.01685028945968453, 0.010290113288973519, 0.999805071658282, -25.548632703932924], [0.0, 0.0, 0.0, 1.0]], [[0.9976312179853628, 0.006580672317268852, 0.06847370044694454, -11.021107291314632], [-0.007158991471248896, 0.9999407207034601, 0.008203896644975242, -4.152364173132473], [-0.06841565421860511, -0.008674666039657204, 0.9976191900855467, 0.6999389324062616], [0.0, 0.0, 0.0, 1.0]], [[0.9806312280695652, -0.19293018727286546, 0.03376888173501757, -5.280445227579549], [0.19371864219837753, 0.9808136906300879, -0.02185387694212778, -30.41758108466054], [-0.028904708951890713, 0.027972256102105103, 0.9991907078676043, -27.283345183132624], [0.0, 0.0, 0.0, 1.0]], [[0.9885956473735648, -0.1481672844766114, 0.026927714438327078, 9.761170588395686], [0.14869327230806947, 0.9887065310479461, -0.018700434044579252, -4.679319520336627], [-0.02385281460044874, 0.02249113767607956, 0.999462451501642, 11.834009037842915], [0.0, 0.0, 0.0, 1.0]], [[0.9868026040306116, -0.15870289459238032, 0.03215605582785455, -5.376302186498396], [0.15970173760495218, 0.9866685254039437, -0.0313141498873296, -19.62123177225255], [-0.02675772195765726, 0.03603626264205191, 0.9989921982129937, -8.830932489349186], [0.0, 0.0, 0.0, 1.0]], [[0.9818072585509635, -0.15918087683443263, 0.10351789945154748, -2.0896407120715916], [0.16526699069311737, 0.9848187739021018, -0.05309241336762349, -2.7137481452585774], [-0.09349507390167978, 0.06923460854355096, 0.9932095650646637, -5.6852090246543145], [0.0, 0.0, 0.0, 1.0]], [[0.8942186561188908, -0.4468583295995232, 0.0262798081509645, 19.483763096232913], [0.4475354285343918, 0.8912773939861153, -0.07305235913958756, -32.31312727556198], [0.009221456255173822, 0.07708592761875993, 0.9969818075108952, -38.25646919363543], [0.0, 0.0, 0.0, 1.0]], [[0.9463035931310108, -0.32289279379981806, 0.015803586285516306, 20.901490893214532], [0.32312368359358884, 0.9462338584886772, -0.015250250835194224, -18.62073537764755], [-0.010029692330578993, 0.01953788017605866, 0.9997588091684799, -20.657188269543177], [0.0, 0.0, 0.0, 1.0]], [[0.9667916718803103, -0.2551418230926356, 0.014714390637697866, 2.05227512992682], [0.2553458296145421, 0.9667454129518364, -0.01420611963354384, -34.956750774129965], [-0.01060049439100142, 0.017491616436100973, 0.9997908145572829, -41.801831246269764], [0.0, 0.0, 0.0, 1.0]], [[0.9888197803132649, -0.14483814030591347, 0.03545920436152103, 3.8248931140445515], [0.14587574025139338, 0.9888877856302306, -0.0286568637057512, -1.553479336899082], [-0.030914567235133205, 0.03350911135895033, 0.9989601738751133, -1.0482746803103342], [0.0, 0.0, 0.0, 1.0]], [[0.9946880967279909, -0.09722485528482204, 0.03380706645796819, -14.213630741855253], [0.09780862628230584, 0.995075625481182, -0.01606151294255751, -19.25037665048143], [-0.032079009529851106, 0.01928281846829299, 0.9992993095461961, -25.654614001668577], [0.0, 0.0, 0.0, 1.0]], [[0.9920059509121298, 0.11054021461047224, 0.06086915728667589, -14.388140059255461], [-0.11208471849483026, 0.9934424729599619, 0.022562553027664915, -2.865351015325478], [-0.05797593668802608, -0.029204689230708743, 0.997890713902119, 2.4489699643144194], [0.0, 0.0, 0.0, 1.0]], [[0.9988269209811786, -0.046964593249344294, -0.011794443784220942, -15.205390243560748], [0.04718071493957472, 0.9987100402789257, 0.01876794032002032, -31.08841365847795], [0.010897800743549107, -0.019302394333058595, 0.9997542975711406, -24.93730401401121], [0.0, 0.0, 0.0, 1.0]], [[0.9988794425073592, -0.04708821461621025, 0.004749671614685754, 6.102773670699567], [0.04656612007538098, 0.9957804302762511, 0.07907547748810252, -19.665052304577284], [-0.008453153098981737, -0.0787656950905909, 0.9968573165100328, -1.4637046454966771], [0.0, 0.0, 0.0, 1.0]], [[0.9980011575809664, -0.06289062376314053, -0.006201524791023874, -8.858956306777728], [0.06316942245279089, 0.9955987291134937, 0.0692300126720624, -40.124746495001425], [0.0018203115204330766, -0.06948337952543884, 0.9975814485222205, -18.560771240295818], [0.0, 0.0, 0.0, 1.0]], [[0.9669978810857471, -0.25389861812285036, 0.021227098034863175, 19.78150153690011], [0.2539288491574932, 0.9672220219237078, 0.0013037911510328918, -10.729040344858284], [-0.020862347452421187, 0.004129409294518961, 0.9997738296423101, 4.230702575604737], [0.0, 0.0, 0.0, 1.0]], [[0.9665026010556393, -0.2565563867300187, 0.007179316173540649, 11.754796752205246], [0.25616313070397445, 0.9660001808356786, 0.034987156120099575, -37.7621545131126], [-0.015911399078048595, -0.03197610128628812, 0.9993619746247623, -18.616288241089478], [0.0, 0.0, 0.0, 1.0]], [[0.9747234230688849, -0.2190150802869891, 0.04412077886624919, 10.242724770473007], [0.21909399261356907, 0.9756988372787128, 0.003098601881141496, -16.215067888234966], [-0.04372723317940604, 0.006646317766712981, 0.999021398939292, -5.392727692221699], [0.0, 0.0, 0.0, 1.0]], [[0.9823972706248522, -0.16586713598358763, 0.08592843458042813, -12.00003380400475], [0.16479966520368472, 0.9861358466989625, 0.01942066435710278, -31.74163190213618], [-0.08795835956629817, -0.004917830407807824, 0.996112012740778, -28.73696813543338], [0.0, 0.0, 0.0, 1.0]], [[0.9385848236464768, -0.344969515409751, 0.00738662700253064, 28.990787420006523], [0.3449764321278734, 0.9386112795330914, 0.0003566645135186138, -13.907890050517771], [-0.007056209806671341, 0.0022134523292705825, 0.9999726548920979, 9.24819198964564], [0.0, 0.0, 0.0, 1.0]], [[0.970117162803305, -0.24249204940634211, 0.008384295389780368, 9.849333751792116], [0.2423653059658813, 0.9700870121943469, 0.01379301402570287, -30.669973339076883], [-0.011478192302609956, -0.011348777315668577, 0.9998697196909747, -6.469593693147111], [0.0, 0.0, 0.0, 1.0]], [[0.9535314529390525, -0.2975933438277996, 0.04707409016999132, 12.039947252101216], [0.2994361768318392, 0.9533368919691334, -0.038558350781246524, -5.270055548884577], [-0.033402758273457726, 0.05086228583171496, 0.9981469248661248, -17.167816936389688], [0.0, 0.0, 0.0, 1.0]], [[0.861861939011894, -0.5024514194498425, 0.0688227373438083, 28.094628859215977], [0.5044085322725514, 0.8633582631951712, -0.013584621572526117, -39.361601677692235], [-0.0525930665896831, 0.046422844219809856, 0.9975364098022871, -37.12494297714684], [0.0, 0.0, 0.0, 1.0]], [[0.9871170273733464, -0.1434332934112402, 0.07090038512458094, 1.5356839193894205], [0.14371297722936122, 0.9896187236093843, 0.0011670722374191227, -10.198671323339937], [-0.07033174564506335, 0.009037268555230711, 0.9974827183122421, -8.896640171745116], [0.0, 0.0, 0.0, 1.0]], [[0.9720128717327984, -0.2172289542910818, 0.08945702098417284, -11.611334352343286], [0.21737776383600615, 0.976053156392595, 0.008194125072782056, -36.609239779767805], [-0.0890948089139713, 0.011481172137637555, 0.9959569758332586, -32.57423970903271], [0.0, 0.0, 0.0, 1.0]], [[0.983474256535645, -0.1755819358541343, 0.04415167645033541, 11.401020436632265], [0.17716653657796033, 0.9835599016301301, -0.0349562329534715, -1.395253815774598], [-0.03728813549415866, 0.042200754816018815, 0.9984130864748962, 10.649876726975783], [0.0, 0.0, 0.0, 1.0]], [[0.945473456889961, -0.3255767255695457, 0.008929618354698512, 17.15452512405339], [0.32568992240932026, 0.9452977216084061, -0.018392714942887217, -27.544074748540925], [-0.0024529079800898316, 0.02029811048772979, 0.9997909631283279, -12.682872012149444], [0.0, 0.0, 0.0, 1.0]], [[0.9978438153603595, -0.020896308229683518, 0.062217878856877525, -6.903669136434196], [0.01623024601099177, 0.9970830727348957, 0.07457831574902819, -25.681926301306245], [-0.06359480530280534, -0.0734076996500307, 0.9952723297523087, -4.423899179907019], [0.0, 0.0, 0.0, 1.0]], [[0.9895434042419635, -0.14386091596119813, 0.010386913883841655, -5.754966496818083], [0.14253364384629497, 0.9863589610322891, 0.08234172917299266, -52.989077930192586], [-0.022090982167453574, -0.08000023031283138, 0.9965500246634738, -37.93510334227011], [0.0, 0.0, 0.0, 1.0]], [[0.9890265819028238, -0.14254817845208453, 0.03881284722371422, 4.41329646746142], [0.14389973772175646, 0.9889878162102785, -0.03458272504061476, -5.819735846129625], [-0.03345572855623536, 0.039788392875531486, 0.9986478849019593, -6.424611968648907], [0.0, 0.0, 0.0, 1.0]], [[0.9823669403730604, -0.18560019387832538, 0.022533585919689365, -4.02426065431544], [0.18602083633594274, 0.9823760510848135, -0.01826315153209437, -28.513804118710485], [-0.018746810687378847, 0.02213283279058155, 0.9995792588893168, -29.753396338230875], [0.0, 0.0, 0.0, 1.0]], [[0.9888074719868354, 0.14512923071390726, 0.034601874738136085, -23.665156279963774], [-0.14667681621296577, 0.9880475714367264, 0.04741210988362527, -8.74487096150024], [-0.027307415268239422, -0.05195674133717924, 0.9982759148156339, -7.491071940584028], [0.0, 0.0, 0.0, 1.0]], [[0.9997241076898384, -0.015139236946476922, 0.01795861933534264, -27.689496642688187], [0.014842007054745513, 0.9997525406369374, 0.01657022379373585, -30.998237141421477], [-0.018205035851109955, -0.016299110241544866, 0.9997014132604755, -47.38153020326363], [0.0, 0.0, 0.0, 1.0]], [[0.9971538418440616, 0.016492477149751897, 0.0735677503604071, -12.632734758049436], [-0.02082950709704891, 0.9980653428920165, 0.05858073874519357, -18.256198203790373], [-0.07245928049408337, -0.059946388676079175, 0.9955682212460254, 5.978704699982016], [0.0, 0.0, 0.0, 1.0]], [[0.9973402959280708, 0.019263253445352662, 0.07029410490792051, -30.8461925544404], [-0.02330381184202036, 0.9980952483857224, 0.05712099004284898, -32.74734296642077], [-0.06905987598987809, -0.05860718570741686, 0.9958895176231738, -10.069423026283278], [0.0, 0.0, 0.0, 1.0]], [[0.9679236590404153, 0.24591475128867865, 0.051475483178334315, -31.374700593384105], [-0.24996195010911543, 0.9632298218608301, 0.09852580258795367, -7.107426824250108], [-0.02535377225313305, -0.10823236750889105, 0.9938022644650977, -1.966767128260006], [0.0, 0.0, 0.0, 1.0]], [[0.9434956295205205, 0.31966248742514086, 0.08736069601856347, -60.875995008779995], [-0.32607379816142057, 0.9425424218395444, 0.07273005696018048, -6.631317028396323], [-0.059092091080461664, -0.09710652483750708, 0.993518217047741, -16.86634130463362], [0.0, 0.0, 0.0, 1.0]], [[0.9965028165145251, -0.07485929079692541, 0.0371244294232113, 2.059490225963114], [0.07168566534949924, 0.9941741624097494, 0.08049161558989822, -19.9596360875592], [-0.04293369378491948, -0.07754883221721462, 0.9960636910156538, 8.852692402277924], [0.0, 0.0, 0.0, 1.0]], [[0.9892665790336947, -0.13364457273512928, 0.05908268600372387, -11.53585097599335], [0.12900517198571526, 0.9886970304760552, 0.07639271908215575, -40.83022355227465], [-0.06862434850624051, -0.067950791800198, 0.9953257701304722, -16.524521955014084], [0.0, 0.0, 0.0, 1.0]], [[0.9868738608037754, 0.16082590535406335, 0.014663254389603832, -19.569896354794352], [-0.1613155406646406, 0.9859727708892286, 0.04283679965976559, -3.840207724001712], [-0.0075683024730189, -0.04463992867447288, 0.998974472929921, -8.739055628268389], [0.0, 0.0, 0.0, 1.0]], [[0.9955288114421991, 0.09444636690535183, 0.0015064417885658668, -32.65094426964703], [-0.09443866299228264, 0.9948685779211773, 0.03630222579019388, -19.8854381767563], [0.0019299017365500188, -0.03628217804200593, 0.9993397215340817, -20.962590760691157], [0.0, 0.0, 0.0, 1.0]], [[0.9935461803288562, -0.10125178495797592, 0.05112791406622197, 6.676117119770421], [0.1000721271888287, 0.9946626618465108, 0.02513480631151922, -17.540007495844385], [-0.053399971103382314, -0.01985611168478108, 0.9983757698957442, 7.9592080354327885], [0.0, 0.0, 0.0, 1.0]], [[0.9992432577665016, 0.03653829437701876, 0.01333659822466898, -20.64889250176949], [-0.036962431059011924, 0.9987690702697264, 0.03307752957453709, -25.682690038883184], [-0.012111585296554532, -0.03354545150336931, 0.9993638037196652, -16.238182308042017], [0.0, 0.0, 0.0, 1.0]], [[0.9916220537195282, 0.11902648430375622, 0.05018364884453706, -18.250911051659383], [-0.12113071843957955, 0.9917810896660973, 0.04120217507657386, -7.656685692702842], [-0.044867043889423315, -0.046935766905602146, 0.9978897645319377, -6.270499560939844], [0.0, 0.0, 0.0, 1.0]], [[0.9987338114033172, 0.049676513034679314, 0.00793838853389904, -27.179075278085087], [-0.05008326993311681, 0.9966978056685833, 0.06391518010797752, -31.34491204041664], [-0.004737091154533997, -0.06423183189154721, 0.99792376048436, -28.009688730726047], [0.0, 0.0, 0.0, 1.0]], [[0.9947543800657441, -0.09140228266984032, 0.04592761764734497, 4.9256652011503235], [0.09041811928790751, 0.9956366055323833, 0.02307191861103204, -7.902371047146633], [-0.04783604336121282, -0.018798203283797426, 0.9986782968047562, 23.88434494435272], [0.0, 0.0, 0.0, 1.0]], [[0.9990159984126057, -0.029673140067896276, 0.032962701257256755, -10.334716089731101], [0.029490418669727726, 0.9995469600775345, 0.006015796409682833, -15.659717953788437], [-0.03312627540711945, -0.005037792995904608, 0.9994384776059924, 0.36682362957360487], [0.0, 0.0, 0.0, 1.0]], [[0.9784351018106839, -0.20533705563025637, -0.022392970544658712, 17.66725948755058], [0.20498118136715857, 0.9786148182511484, -0.01719746448158884, -7.120004674016721], [0.02544536952061988, 0.012236465354364883, 0.9996013215705501, 10.078859348876616], [0.0, 0.0, 0.0, 1.0]], [[0.9506898932771025, -0.30951219467135727, -0.019771903562599506, 12.79032539747392], [0.30884771915477616, 0.9506139365203355, -0.030760852819799463, -30.382101468645658], [0.02831630614436195, 0.023137524565710832, 0.9993311972330833, -17.093005390173264], [0.0, 0.0, 0.0, 1.0]], [[0.993229236862517, 0.11362988604435935, 0.024164685784254777, -15.107094283919128], [-0.11387643887354212, 0.9934534288866649, 0.009079719313483501, 3.4857083181033], [-0.02297476247943082, -0.011770031048266093, 0.9996667578038881, -22.060418615094513], [0.0, 0.0, 0.0, 1.0]], [[0.9986706433768453, 0.03679073945909112, 0.03610245902064086, -26.408398299280893], [-0.036595028383528766, 0.9993117601200953, -0.006067123147660509, -15.41780426401327], [-0.03630082581557197, 0.004737887264745116, 0.9993296765679379, -35.93898360883357], [0.0, 0.0, 0.0, 1.0]], [[0.9875462529716101, -0.14926371941879815, 0.04972665589998819, 0.8660687215636922], [0.14815223652736667, 0.9886394879008864, 0.025355034510125364, -18.839351354174987], [-0.05294632238096129, -0.01767215403783019, 0.9984409756805817, -10.820755644392749], [0.0, 0.0, 0.0, 1.0]], [[0.9664122686254656, -0.2569826764403672, 0.002689062983231545, 3.891378541783844], [0.2569632301831016, 0.9664023190834052, 0.006037880761126141, -35.86700045468842], [-0.004150347461178295, -0.005144091733712973, 0.9999781562295194, -39.445976930144184], [0.0, 0.0, 0.0, 1.0]], [[0.9977451659374905, -0.02684785624439506, 0.061512409020059104, -9.8750295818241], [0.02495940288012837, 0.9991994164554824, 0.031265865778703925, -11.881098179066097], [-0.06230258466739711, -0.02966005344069335, 0.9976164940364901, -0.8582831200231202], [0.0, 0.0, 0.0, 1.0]], [[0.99432875561852, -0.09703698420205839, 0.04352182724901521, -19.21862440049894], [0.09661498514503744, 0.9952530363389628, 0.011702064069913547, -30.273851840961136], [-0.044450763722885915, -0.007430838111656853, 0.9989839399356762, -27.080904112954606], [0.0, 0.0, 0.0, 1.0]], [[0.985594993858031, -0.16294056497243947, 0.04530872287376901, 11.24414712933319], [0.16345122795796774, 0.9865207451072386, -0.007779174255193572, -8.877967689933525], [-0.04343045200112768, 0.01507288159319285, 0.9989427431436985, 4.101234442686], [0.0, 0.0, 0.0, 1.0]], [[0.9599464626069707, -0.27809741803843696, 0.03412645614060856, 9.201266107261814], [0.27819074826983353, 0.960523602104108, 0.0020778301217943274, -33.34291735408432], [-0.03335710577121877, 0.00749905869423886, 0.9994153629063675, -16.667050588901724], [0.0, 0.0, 0.0, 1.0]], [[0.9904410895268199, 0.06999371109366516, 0.11885843926393529, -23.670704829374387], [-0.06681000711933371, 0.9972973828140883, -0.030567191249436406, 0.12631950388981092], [-0.12067672155654817, 0.022334069031450104, 0.9924405867531103, -6.964409420286516], [0.0, 0.0, 0.0, 1.0]], [[0.9940512574914786, -0.0576022079606608, 0.09243420967189474, -30.76308896547133], [0.057738155020707754, 0.9983310339518923, 0.0012050325101641479, -29.497070935068294], [-0.09234935264751847, 0.004139116645205676, 0.995718064905414, -28.394577001188], [0.0, 0.0, 0.0, 1.0]], [[0.9940588465927467, -0.046985471028034284, 0.09818031891866724, -7.182773427953824], [0.05183938711166381, 0.9975258228933299, -0.047485899010849306, 5.220954699391893], [-0.09570625608905875, 0.05229338555931596, 0.9940350669730714, 7.965784296712968], [0.0, 0.0, 0.0, 1.0]], [[0.9731017454623029, -0.2164277542926655, 0.07894314504788852, -5.523366831815282], [0.2154875728865264, 0.9762946657124127, 0.020342852134380546, -34.34750100846671], [-0.08147452920816665, -0.0027843981972487494, 0.996671534768093, -7.095187844833176], [0.0, 0.0, 0.0, 1.0]], [[0.9941891987154298, -0.08921315636581016, 0.06023993599617406, -8.896213456875168], [0.08846363412501955, 0.995966427958007, 0.015001993799669351, -14.866642411864067], [-0.06133532909317722, -0.009585776537146958, 0.9980711849829212, -8.140141252679362], [0.0, 0.0, 0.0, 1.0]], [[0.9643574272751335, -0.26382116963304253, 0.020325917266875198, -2.108509297068771], [0.2631342029140471, 0.9642532775489063, 0.03124112662795379, -47.91605319096247], [-0.027841402911413054, -0.02477916846159412, 0.9993051831619204, -39.048483627122025], [0.0, 0.0, 0.0, 1.0]], [[0.9943167261210947, 0.041935338409657075, 0.0978553807835351, -14.264351441818757], [-0.046203017956163446, 0.9980587819647503, 0.0417606139176379, -15.226311798157067], [-0.0959141766766808, -0.04604449082684174, 0.9943240797531382, -5.7266179658481935], [0.0, 0.0, 0.0, 1.0]], [[0.9996721981713688, -0.023414565201787692, 0.010356367105915202, -16.497852461931327], [0.023216406963820456, 0.9995526005615571, 0.018857283959161544, -30.206164706625767], [-0.010793268777878142, -0.01861066487359905, 0.9997685474658866, -39.6025471101712], [0.0, 0.0, 0.0, 1.0]], [[0.9914514713102794, -0.12497987224111778, 0.0374701423973345, 6.149354718592706], [0.1230183348776897, 0.9911059444896217, 0.05074934562390436, -17.445382734443992], [-0.043479527603266725, -0.0457059988615038, 0.9980082626649283, 9.901882897788889], [0.0, 0.0, 0.0, 1.0]], [[0.991080491764866, -0.12621533955899716, 0.04276852701602184, -6.717084173860978], [0.12257003094242097, 0.9892944763517296, 0.07920244045944218, -40.396671154199616], [-0.05230723045513981, -0.07325385395980578, 0.9959406741980912, -8.976446927098761], [0.0, 0.0, 0.0, 1.0]], [[0.9990040095726326, 0.010425025417856485, 0.04338557021449758, -14.6147248160684], [-0.010179859678261434, 0.9999309663258927, -0.005867967237047198, -8.135547849944627], [-0.04344374885677992, 0.005420463781006057, 0.9990411699513024, -15.843714927373425], [0.0, 0.0, 0.0, 1.0]], [[0.9932234543551024, -0.11418853786105396, 0.021636717405182696, -14.691342913360108], [0.11332650967366927, 0.9928467316938872, 0.03758283610838309, -39.85936856673447], [-0.025773473264207755, -0.03487614063970505, 0.9990592489387093, -45.20650956786362], [0.0, 0.0, 0.0, 1.0]], [[0.981234408206016, -0.17848123989563436, 0.07296220362564095, 4.653963691970112], [0.181605473476183, 0.9826117524176188, -0.03864706993123243, -7.78487777948102], [-0.06479574180518254, 0.05117217032816953, 0.9965856314576409, 4.8606096396074125], [0.0, 0.0, 0.0, 1.0]], [[0.9730263152845343, -0.2182311023789803, 0.07479957030795965, -8.549677688377681], [0.22177861473715685, 0.9741548596928437, -0.04285505083513047, -27.210452885088667], [-0.06351405993217776, 0.058288037291272334, 0.9962773052216246, -28.189451675042154], [0.0, 0.0, 0.0, 1.0]], [[0.9984604679835615, -0.05537803222515822, 0.003157122253041289, 9.026657398148014], [0.05524907502515173, 0.9979596977318904, 0.03199970955719139, -5.063398439227387], [-0.004922761716401543, -0.03177601689558942, 0.9994828918832672, 14.567632655553203], [0.0, 0.0, 0.0, 1.0]], [[0.990388928413838, -0.1381069451173783, 0.0074994790242248225, 2.907076484897993], [0.13794700395005624, 0.9902616020211362, 0.01877721128752533, -26.044434262700378], [-0.010019709401596468, -0.017562211503074344, 0.999795566178721, 3.135790506047707], [0.0, 0.0, 0.0, 1.0]], [[0.9931902359664404, -0.10706138979409939, 0.04594577234395279, 7.442185857857649], [0.1040967597741617, 0.9925897188248107, 0.06268584120680598, -17.961708492997918], [-0.0523165345320857, -0.057476159393615535, 0.9969751608319606, 9.341622895091648], [0.0, 0.0, 0.0, 1.0]], [[0.9836982558007454, -0.16485312681168393, 0.07184140947239935, -5.106792910324556], [0.16134391375361878, 0.9855156689363402, 0.05222076000617329, -34.49068971384335], [-0.07940959028502152, -0.03977829636080874, 0.9960480932713018, -4.999270026050261], [0.0, 0.0, 0.0, 1.0]], [[0.9990653097491197, -0.026864085431019476, 0.033864845634525555, 2.3580183219417363], [0.023893784224572775, 0.9960726671675277, 0.08525449429325042, -17.3912