[[[0.9792618085771951, 0.1971458150612437, 0.04668873382261848, -23.14604960613038], [-0.1946816118473276, 0.9794594368735523, -0.052519344320655706, 16.253769748558955], [-0.0560836898808188, 0.04234075014903543, 0.9975278846258737, 30.484576335011393], [0.0, 0.0, 0.0, 1.0]], [[0.9640551475869977, 0.2611906133684209, 0.04875588066314201, -44.04101649496732], [-0.25953558729640824, 0.9649950510073572, -0.03776017025935906, 8.05866642896877], [-0.05691178557837535, 0.023749000390234438, 0.9980967055565032, 11.936772636881143], [0.0, 0.0, 0.0, 1.0]], [[0.8903723453842759, 0.45285864935642134, 0.04643414991126065, -23.942210135119787], [-0.4504867609939858, 0.8911845498617479, -0.05340202483859571, 39.23242148759477], [-0.06556496582818423, 0.026629716310776888, 0.9974929039673202, 46.90396781314147], [0.0, 0.0, 0.0, 1.0]], [[0.9395312499065108, 0.3424609737203342, -0.0012296046638782807, -33.158339777916225], [-0.3423455927794438, 0.9392966795065122, 0.02283074621061066, 7.685961038395341], [0.008973603155934136, -0.021029249786013574, 0.9997385883819007, 28.352422227058128], [0.0, 0.0, 0.0, 1.0]], [[0.9331117552069752, 0.35084015148171505, 0.07882664779656348, -22.49444799603599], [-0.3566370334154161, 0.930967399703541, 0.0781647432406445, 4.886921247245854], [-0.04596170896743657, -0.10104894258482884, 0.9938192152053006, 61.35328324749069], [0.0, 0.0, 0.0, 1.0]], [[0.9172627619729004, 0.38522982827955027, 0.10112865519503018, -48.05801220357621], [-0.3918957838048972, 0.918263954645925, 0.05664807352392677, 4.24991395164681], [-0.071040271211423, -0.09159306197379252, 0.9932592767573198, 52.079833448512126], [0.0, 0.0, 0.0, 1.0]], [[0.9062820786046124, 0.41206862785157045, 0.09408634300808166, -34.17914417728216], [-0.41808641212955344, 0.9066603683917303, 0.05630922109578853, 17.31133345190707], [-0.06210109494000549, -0.09036825951793692, 0.9939703374240871, 52.326499880442995], [0.0, 0.0, 0.0, 1.0]], [[0.8886918360749497, 0.44711487529663274, 0.10156332400139055, -57.81558419204723], [-0.4542541057087749, 0.8886736058850452, 0.06254941766308772, 11.954453393518918], [-0.06228987028767849, -0.10172271374549052, 0.9928607463122902, 47.65591657437548], [0.0, 0.0, 0.0, 1.0]], [[0.9736330982138416, 0.22468877651103994, 0.039415019630708925, -7.822527428458587], [-0.22739069480848342, 0.9697272438538982, 0.08900867621776079, 0.967463761736958], [-0.01822256779469868, -0.095624401893528, 0.995250677862353, 46.10307684593595], [0.0, 0.0, 0.0, 1.0]], [[0.9912662567366898, -0.1270737981653831, 0.03526270090411524, -5.630683328835512], [0.12585300299621446, 0.9914340401461248, 0.03492228051499486, -28.193921467334427], [-0.0393983488494687, -0.030179361480267345, 0.9987677288782303, 36.87028935338305], [0.0, 0.0, 0.0, 1.0]], [[0.9963802380438557, -0.08464893079297277, 0.007808953276490002, 6.238189793944715], [0.08424293540703091, 0.9955332792988618, 0.042621797738488655, -14.56443077770399], [-0.0113819624702731, -0.041809667830064526, 0.9990607602174478, 28.898362363326374], [0.0, 0.0, 0.0, 1.0]], [[0.8582320071696298, 0.5039245400001249, 0.09745706672812193, -50.67310339550296], [-0.5106571031137013, 0.8574479702457692, 0.0633427293454515, 19.527213609959162], [-0.05164440830437555, -0.10412990111909101, 0.9932219383319202, 18.63717616471546], [0.0, 0.0, 0.0, 1.0]], [[0.8612251055777705, 0.4995979426397972, 0.09323740254124503, -26.916503382126244], [-0.5056218996967742, 0.8608136751933342, 0.05784730890169348, 25.996296466197837], [-0.051359634632474616, -0.09696242731194808, 0.9939620091433033, 38.495111810199376], [0.0, 0.0, 0.0, 1.0]], [[0.9689759185314206, 0.24056975955245755, 0.056673274963216884, -39.78335477538443], [-0.24425148677176725, 0.9671227687775424, 0.07081497950176538, -12.942808779262643], [-0.03777407200666544, -0.082460541478498, 0.9958781946518871, 17.877411644608642], [0.0, 0.0, 0.0, 1.0]], [[0.930929160127841, 0.3363590509709843, 0.1422444644039631, -39.2893811759565], [-0.34193285927962425, 0.9395881182346646, 0.0160027440491639, 18.158069452075228], [-0.12826854083730932, -0.06353547750777484, 0.9897021898173843, 45.11428140976335], [0.0, 0.0, 0.0, 1.0]], [[0.9564423580552894, 0.2846241574894602, 0.06486219770449421, -43.24704567841052], [-0.28671214528280664, 0.9576812605828763, 0.02535249249530974, 5.314954189080512], [-0.0549013794450802, -0.04284497755640603, 0.9975721259303605, 31.27084068950198], [0.0, 0.0, 0.0, 1.0]], [[0.9501836625187854, 0.31099274767794677, 0.02084510431993564, -13.551157201320175], [-0.31169055820325464, 0.948043836787593, 0.06373287578637295, 8.912655001802882], [5.8389480511984483e-05, -0.06705515953883653, 0.9977492681881006, 42.581362174380416], [0.0, 0.0, 0.0, 1.0]], [[0.9369182487098352, 0.335879119619366, 0.09679572427652286, -46.016583410329446], [-0.3417703848898723, 0.9383384632643799, 0.052095416025513604, 3.406929369134253], [-0.07332938869734097, -0.08189105789011554, 0.9939399656875221, 36.97553376389483], [0.0, 0.0, 0.0, 1.0]], [[0.9760331104800836, 0.20705965613328606, 0.06697511514388237, -13.068853814396364], [-0.21030651336320924, 0.9765685986848957, 0.04566117058977853, 3.3120279821851253], [-0.05595120806185796, -0.05865211730691266, 0.9967092813111719, 58.627292123541544], [0.0, 0.0, 0.0, 1.0]], [[0.9967711716346402, 0.07552732495767057, 0.027255358791310875, -18.865503457124326], [-0.07690894768353428, 0.9955846784860628, 0.05381599882942725, -21.0533271234758], [-0.02307043918775778, -0.05573841716927353, 0.9981788335198978, 39.45230502232515], [0.0, 0.0, 0.0, 1.0]], [[0.9339211393982225, 0.34587578182351, 0.09033963102151579, -25.799042900109878], [-0.355354899134979, 0.9257464868982617, 0.12929167667061348, -4.674709731322906], [-0.03891273629413257, -0.15285086046046759, 0.9874828674010501, 37.94603606417405], [0.0, 0.0, 0.0, 1.0]], [[0.9489829163444464, 0.30324874449300204, 0.08643855302937489, -41.68790904153896], [-0.31198120495959963, 0.9427764119784354, 0.11764507966349043, -16.8153585284421], [-0.04581650617790901, -0.13861037472170215, 0.9892866176094588, 19.947346897264822], [0.0, 0.0, 0.0, 1.0]], [[0.9630040451105045, 0.26475788064360706, 0.05026404020676088, -23.75989494363405], [-0.26734782063774637, 0.9620491010022759, 0.05465043513967624, 5.7058286984975], [-0.03388734130982502, -0.06606657171228317, 0.9972396182468543, 47.67796257605921], [0.0, 0.0, 0.0, 1.0]], [[0.9140360109138859, 0.39912819642502045, 0.07235228794682107, -50.49776708728339], [-0.4026721099561495, 0.9143255570496699, 0.04317345931555677, 10.78695051594691], [-0.048921801030748224, -0.06859634497784585, 0.9964442778397532, 38.90486362953481], [0.0, 0.0, 0.0, 1.0]], [[0.9916029590604194, 0.12621316798557675, 0.028174595110903918, -8.962053720461277], [-0.12784068615755273, 0.9895704966519088, 0.06638517243223216, -9.783970580882391], [-0.01950206515692287, -0.06942959299272686, 0.9973962106763178, 33.56999639713245], [0.0, 0.0, 0.0, 1.0]], [[0.994537508649204, 0.10322424650245739, -0.01548866759383743, -19.705752603157592], [-0.10166842761334588, 0.9915807291497509, 0.08019469063146384, -28.755122173977817], [0.023636300820186005, -0.07818191934741862, 0.9966588748266331, 18.17878389386177], [0.0, 0.0, 0.0, 1.0]], [[0.9967778442766795, -0.07744629094400199, 0.02088064122943026, 3.8182876454732346], [0.07699022237663751, 0.9967928978406932, 0.02182714989977799, -11.209849895494074], [-0.022504106681472198, -0.02014921421218406, 0.9995436830619765, 33.065091648285865], [0.0, 0.0, 0.0, 1.0]], [[0.9728161740122119, -0.22909031483126788, 0.033857336439113574, -0.24604513666483344], [0.22808521977322405, 0.9731443551490282, 0.0310997839636038, -39.32993362012652], [-0.04007273513551124, -0.02253201482542816, 0.9989426831438646, 21.522562963938434], [0.0, 0.0, 0.0, 1.0]], [[0.8355622871779547, 0.5456963799464654, 0.06364844977896594, -29.06320938267602], [-0.5490049058934124, 0.8337146996557385, 0.059274048983561416, 30.298750610577013], [-0.020719014235925114, -0.08447047112016554, 0.9962105510171156, 35.16047000270518], [0.0, 0.0, 0.0, 1.0]], [[0.8790917308666464, 0.4641014018315283, 0.10866286182450109, -58.98431016658299], [-0.47100257377033716, 0.880794274493912, 0.04855946375795762, 14.516383948952733], [-0.07317311134288824, -0.09386871063752984, 0.9928919180553569, 26.307978787770175], [0.0, 0.0, 0.0, 1.0]], [[0.9261044546453007, 0.3506512918623346, 0.1391912734384033, -38.05836164889079], [-0.3577914797210447, 0.9333425774010342, 0.029272687772359272, 14.690241101887809], [-0.11964863611907119, -0.07691101823320588, 0.9898327632227454, 46.14341999428597], [0.0, 0.0, 0.0, 1.0]], [[0.9610076946710109, 0.264751170415749, 0.07981872303286813, -44.78254581637165], [-0.26921192979978514, 0.9617094713249872, 0.05137927225339688, -9.480391220837005], [-0.06315969946557896, -0.07086402844394414, 0.9954843754856784, 29.718091983261953], [0.0, 0.0, 0.0, 1.0]], [[0.9882713854837162, 0.13547873648410033, 0.07046403759909878, -15.227971521955373], [-0.13903112081029442, 0.9891141858366367, 0.048202435861266414, -2.8544896508083832], [-0.06316657407465447, -0.05743378219652515, 0.9963490074177185, 51.188974074980024], [0.0, 0.0, 0.0, 1.0]], [[0.9865976601324138, 0.14942324572421084, 0.06555723193123764, -32.664053289736124], [-0.1523845390989556, 0.9873964855252804, 0.04274497182033016, -13.702412398558272], [-0.05834388798188617, -0.052161997752808664, 0.996932854672565, 36.92505337466687], [0.0, 0.0, 0.0, 1.0]], [[0.9988416425433898, -0.044278626213681276, 0.01883550853710962, 5.02734431456475], [0.04278056774069733, 0.9963678979514682, 0.0736263197202891, -20.55333103272647], [-0.022027168338350528, -0.07273524037493612, 0.9971080125355493, 50.04591879002346], [0.0, 0.0, 0.0, 1.0]], [[0.9791252528864183, 0.19578912856550476, 0.05459263957408636, -32.06941368586038], [-0.19882150215686398, 0.9783715267462908, 0.05708910519720832, -11.753769748922617], [-0.04223445797206298, -0.06675157517010404, 0.9968753571897099, 43.00767675873452], [0.0, 0.0, 0.0, 1.0]], [[0.9728622491878385, 0.21457776589175268, 0.08657613117993146, -22.458194791073158], [-0.21597210658965807, 0.9763747075842433, 0.00696272683699776, 16.717830448198747], [-0.08303669839538316, -0.02547180352243452, 0.9962209061974704, 39.52224515881623], [0.0, 0.0, 0.0, 1.0]], [[0.9811189155845587, 0.19340499162654012, 0.00042742966441020454, -26.257720322433688], [-0.1932713627793682, 0.9803539603887519, 0.039399145669630785, -6.1755653150432845], [0.0072009590740356, -0.038737856988079127, 0.9992234608056326, 24.3657906228474], [0.0, 0.0, 0.0, 1.0]], [[0.9923654005697357, -0.12310397311798117, 0.0075049020404462565, 8.58516310267833], [0.12168304811298566, 0.9871977027086174, 0.10312095601167987, -35.17696323502037], [-0.020103421450144127, -0.101420449463594, 0.994640510373774, 27.505310548937395], [0.0, 0.0, 0.0, 1.0]], [[0.9862285354938833, -0.16537700373331185, 0.0019293557953778313, -0.7273807272610125], [0.16474721668954984, 0.9833651939394289, 0.07649346339079535, -48.51722693455464], [-0.014547521116653389, -0.0751221803774666, 0.9970682161440606, 17.76636988497305], [0.0, 0.0, 0.0, 1.0]], [[0.9330004739469848, 0.33978123119078396, 0.11856993946686677, -38.02264535330879], [-0.34319154119050566, 0.9392222678764556, 0.009005419495670856, 18.6843775440371], [-0.10830365492441604, -0.049094260922051255, 0.9929048654702674, 36.926068318311046], [0.0, 0.0, 0.0, 1.0]], [[0.9635548265676988, 0.24113815201987643, 0.11582093005380453, -55.66968139452277], [-0.24436694139856466, 0.9695770434326588, 0.014323225889787123, -2.4548337018392], [-0.10884343870716233, -0.04210401986530916, 0.9931668325923795, 29.667610031496856], [0.0, 0.0, 0.0, 1.0]], [[0.9979815748368492, 0.049607659985943735, 0.03964664370261498, -11.047021360991339], [-0.05276828105778622, 0.9951421836159835, 0.08311162916356474, -17.32450690615499], [-0.03533107414684112, -0.0850359597978079, 0.9957512745364168, 38.92418018192421], [0.0, 0.0, 0.0, 1.0]], [[0.9996313430776503, -0.007279003892082616, 0.026157103033692466, -21.04818451216332], [0.005592646185159857, 0.9979358455899016, 0.06397476373865665, -34.601025509542744], [-0.026568783288358783, -0.06380489157665242, 0.9976086585257121, 24.32200290993686], [0.0, 0.0, 0.0, 1.0]], [[0.9687647110799834, 0.24656349221346346, 0.026483558552738002, -13.160902288412935], [-0.2468771984379788, 0.9690025161534223, 0.00926134870037627, 11.720764131605558], [-0.02337912439612823, -0.015510254538099153, 0.9996063467918912, 47.22414342822012], [0.0, 0.0, 0.0, 1.0]], [[0.9987609983751204, -0.045011370124527855, 0.02122368215578192, -13.120315103324742], [0.04438510863027229, 0.9985903167146001, 0.0291091307962891, -28.767167053431873], [-0.022504005346067314, -0.028131049097914862, 0.9993508962421748, 41.33174534503895], [0.0, 0.0, 0.0, 1.0]], [[0.8842554375668819, 0.46502783015223104, 0.04291198337657617, -29.552203971198562], [-0.46685030038394226, 0.8778716246772971, 0.1067342851096448, 11.357905300438865], [0.011963200442467643, -0.11441384431244253, 0.9933611398000345, 44.60511545862259], [0.0, 0.0, 0.0, 1.0]], [[0.9097502705060502, 0.415044936075253, 0.009599289164216903, -46.235105267208134], [-0.41324368564431807, 0.9031010745025458, 0.11678229963247272, -4.505298013090056], [0.03980077372701574, -0.11020957431474723, 0.9931111459147441, 19.124126982336218], [0.0, 0.0, 0.0, 1.0]], [[0.9981912674851143, 0.046671124121819195, 0.037894586548268605, -6.273639424441884], [-0.048714244606370166, 0.9973020751806146, 0.054913506652451934, -10.229394300987929], [-0.03522947471775876, -0.05666018896583294, 0.9977717710465982, 40.725819834931336], [0.0, 0.0, 0.0, 1.0]], [[0.9808807919987836, 0.1881685053465408, 0.049653655288255445, -30.818569227578383], [-0.19097594128954967, 0.9797823161217326, 0.05962216755285985, -12.996103964619824], [-0.03743075922829442, -0.06796489248707482, 0.9969853116534919, 29.281308286390832], [0.0, 0.0, 0.0, 1.0]], [[0.952636958482035, 0.30191867474829415, 0.03644089971902741, -19.885476740741435], [-0.30333938724232273, 0.9519011672173754, 0.04323637354879497, 15.064559385712606], [-0.02163426637421913, -0.05224252758464575, 0.9984000585086205, 21.713448586844976], [0.0, 0.0, 0.0, 1.0]], [[0.989620915649677, 0.05791639436021887, 0.13151476941016713, -43.153671271172364], [-0.05783368357319195, 0.9983163065066961, -0.0044516521863568765, -9.083325731641931], [-0.13155116249221693, -0.0032005354464525308, 0.991304215778287, 19.61151916049772], [0.0, 0.0, 0.0, 1.0]], [[0.915951274460152, 0.39759661015168923, 0.05431572894392562, -28.766455485787947], [-0.4000095804387975, 0.9154294860803508, 0.04451057820161086, 17.836673502270664], [-0.03202496482436531, -0.06249633277681087, 0.9975312576643646, 33.51412827185975], [0.0, 0.0, 0.0, 1.0]], [[0.8984802177743497, 0.4284809289788421, 0.09558970535358656, -63.01522972422481], [-0.43198161584948225, 0.9016925492253672, 0.01850487069742062, 18.293437860338837], [-0.07826354091291318, -0.05791925563132293, 0.9952488020544854, 17.247242509433523], [0.0, 0.0, 0.0, 1.0]], [[0.908843683494419, 0.40428974306598725, 0.10272761373619321, -35.00460876513659], [-0.41091015235513784, 0.9100963897917052, 0.05364147629940658, 18.441628819728273], [-0.07180533172245897, -0.09096353631945017, 0.9932621151521321, 35.82361535273451], [0.0, 0.0, 0.0, 1.0]], [[0.9330503109169718, 0.3514741868095506, 0.07670080380480672, -49.574948382845804], [-0.35561261505230585, 0.9333495746140036, 0.04897182438418382, 6.193202865103845], [-0.05437633045175748, -0.07296894938547534, 0.9958507654825483, 18.210123437086587], [0.0, 0.0, 0.0, 1.0]], [[0.871102709561238, 0.4861940113736843, 0.06924920721159201, -20.228654607134622], [-0.4905465597536718, 0.8681233879239492, 0.07566938649995947, 19.35253519076856], [-0.023326853814973795, -0.09988576797426699, 0.9947254351062332, 41.76395075919097], [0.0, 0.0, 0.0, 1.0]], [[0.862258134948103, 0.5024273916885438, 0.06385628236020323, -43.53112276750399], [-0.5064452908336536, 0.8541156014398755, 0.11832035653011752, 5.871499746230537], [0.004906741101286031, -0.13436240343952274, 0.9909201120341227, 29.578334406533198], [0.0, 0.0, 0.0, 1.0]], [[0.9618847386925805, 0.2508555213449941, 0.10885429197342979, -30.712053435062113], [-0.25578337451645783, 0.9661456760366077, 0.03372533167723355, 9.904248317240738], [-0.0967089178477304, -0.06028299997924003, 0.9934854528991474, 44.98164551543651], [0.0, 0.0, 0.0, 1.0]], [[0.9806685752343217, 0.18952855210888062, 0.04866285527375128, -36.841555885146114], [-0.19201075053400274, 0.9799757259667781, 0.0527204722593449, -14.181080223330094], [-0.03769638215070073, -0.06104510178049299, 0.9974229184861124, 27.64452362446875], [0.0, 0.0, 0.0, 1.0]], [[0.8467412823532428, 0.5284218358835238, 0.06164060447684846, -17.28778284569392], [-0.5317825766631046, 0.8440362536669502, 0.06935483871663525, 28.564857505493087], [-0.015378293674355281, -0.09150500454809592, 0.9956858652337692, 62.300247654645446], [0.0, 0.0, 0.0, 1.0]], [[0.9027517997551731, 0.42499336368863866, 0.06648179344308516, -37.657099921077005], [-0.4295283550073787, 0.8989760462951747, 0.08571732865733926, 6.206379737847631], [-0.023336243987590093, -0.10593728809116756, 0.9940989441239937, 44.35480548525154], [0.0, 0.0, 0.0, 1.0]], [[0.9941585285662882, 0.10672746167194153, 0.016064526260554778, -5.468374398518542], [-0.10722862614800624, 0.9936361442633678, 0.03448528016181722, 0.6532234537223516], [-0.012281767516238776, -0.036006412463506256, 0.9992760861984963, 32.06838702202819], [0.0, 0.0, 0.0, 1.0]], [[0.9882324185550282, -0.150969516021442, 0.024594555274097752, -3.801685348147139], [0.15090409383441752, 0.9885381410333455, 0.004505350857692087, -27.33745099525544], [-0.024992826588691015, -0.0007409146976378122, 0.9996873559591114, 20.40546089201079], [0.0, 0.0, 0.0, 1.0]], [[0.889951166754385, 0.4352528779530844, 0.13616847295193818, -42.980919205341536], [-0.43465576050324073, 0.8998899574210435, -0.035671198383257025, 32.51726296843599], [-0.13806263308315636, -0.027440786546783107, 0.9900432882353348, 79.6291605946157], [0.0, 0.0, 0.0, 1.0]], [[0.9395309459054935, 0.3341380773433547, 0.07505562573994036, -50.57994815603805], [-0.3351802765159073, 0.9421530116113841, 0.0013729334711408137, 8.626539724297855], [-0.07025513447889437, -0.02644707887239391, 0.9971784033453924, 53.39313555585799], [0.0, 0.0, 0.0, 1.0]], [[0.9415887218154778, 0.3300894539788995, 0.06672054647415368, -13.81619982412445], [-0.3332379349412932, 0.9418568569167236, 0.04310614567571581, 14.143281035168563], [-0.048612320104680445, -0.0628220777343905, 0.9968401220271873, 47.790710455720046], [0.0, 0.0, 0.0, 1.0]], [[0.9881983232670037, -0.15164202409085603, 0.021651106713391734, -0.06856013546722055], [0.15142680136258946, 0.9884042741750279, 0.01126563898034576, -27.866023740726614], [-0.023108390713792462, -0.007854127715340055, 0.9997021131099273, 33.44090778702917], [0.0, 0.0, 0.0, 1.0]], [[0.9603203908875366, 0.2703786048432615, 0.0684116721665145, -25.135514552811557], [-0.27316738463917634, 0.961322825367604, 0.03518530086044389, 7.622816883084848], [-0.05625234941759869, -0.05247699944031654, 0.9970365277735517, 42.86501766829993], [0.0, 0.0, 0.0, 1.0]], [[0.9696224987549016, 0.2345518541150956, 0.06940920428494698, -41.64938883404329], [-0.2361303158688361, 0.9715998566765089, 0.015368553408414086, -0.7244049875989026], [-0.06383325023827482, -0.0312913124901238, 0.9974698842204016, 30.07366005013282], [0.0, 0.0, 0.0, 1.0]], [[0.9035864572853687, 0.4275923783729088, 0.026386969660755297, -15.20057728034298], [-0.4283361506192775, 0.9028347227250381, 0.03765110243625824, 20.99859034844439], [-0.007723747998140324, -0.04532351927426253, 0.9989425020077273, 64.70311174633369], [0.0, 0.0, 0.0, 1.0]], [[0.9148799963588601, 0.4036182372802271, 0.009322596055409969, -32.20386739953545], [-0.40371028198588205, 0.9143976682107813, 0.029915089663328173, 14.116315504159454], [0.0035497156632545543, -0.031132345004630708, 0.9995089677502762, 51.58388992179395], [0.0, 0.0, 0.0, 1.0]], [[0.8789387286348128, -0.4546620717200797, 0.1440455200449904, 6.524788685209608], [0.46634301654894117, 0.8825820768474891, -0.05977514988366077, -8.917196518958047], [-0.09995450075840037, 0.11971331658084142, 0.9877640505765336, 31.441285006216848], [0.0, 0.0, 0.0, 1.0]], [[0.9816498119724851, -0.18984783190511226, 0.01792895354766281, -2.4570761793612332], [0.19031040356820406, 0.9812921780869871, -0.029113768546931554, -22.549378026451564], [-0.012066356040384236, 0.03199159180511703, 0.9994152996155701, 15.941632336989542], [0.0, 0.0, 0.0, 1.0]], [[0.9849900770500821, -0.17248904348992258, -0.006486754874804898, 8.052764233080303], [0.17259896127869384, 0.98466914133419, 0.02522460445088902, -16.93131520846523], [0.0020363394584740208, -0.02596559223509987, 0.9996607631299181, 31.43156157953935], [0.0, 0.0, 0.0, 1.0]], [[0.999608981670092, -0.023622508610069, 0.014961980198134819, -17.294224066011317], [0.023426385436684367, 0.9996390695221427, 0.013150480990315254, -21.406164079327418], [-0.015267227313892481, -0.012794833796183385, 0.9998015823143486, 12.5473647971954], [0.0, 0.0, 0.0, 1.0]], [[0.9995889004333669, 0.02128181938303772, 0.019212347440160916, 2.948061575892373], [-0.021395535256183134, 0.9997546526203579, 0.005732855750002217, 0.6978124521713048], [-0.019085628140439126, -0.006141557432497827, 0.9997989898328506, 45.47348902579361], [0.0, 0.0, 0.0, 1.0]], [[0.9986067105240681, 0.00406577062624097, 0.052612804577537496, -17.154258244816724], [-0.003390322777924694, 0.9999107730675855, -0.012920975769692051, -10.805140789184154], [-0.052660643822126145, 0.01272459872036365, 0.9985313921853648, 33.78954533781928], [0.0, 0.0, 0.0, 1.0]], [[0.8350852220928413, 0.5493023456205282, 0.029993414909511917, -27.750371270606024], [-0.5501171262036763, 0.8336441631319722, 0.04907704894755417, 29.89726255088709], [0.0019543028313148535, -0.05748340953508476, 0.9983445489051682, 58.917738582026814], [0.0, 0.0, 0.0, 1.0]], [[0.9363598312642839, 0.3498540028946591, 0.02885208923643779, -43.417674688532834], [-0.3507022168046027, 0.9359030843923871, 0.0330661723390382, 4.1445179727228485], [-0.015434426554329337, -0.04108032720660044, 0.9990366285544985, 46.91951286099424], [0.0, 0.0, 0.0, 1.0]], [[0.9482117376683009, 0.3174235226059223, 0.011696488554778362, -11.3836921797284], [-0.31714141245323524, 0.9440242209081674, 0.09077221406298895, 3.4372324562957908], [0.017771467447326855, -0.08978071972967121, 0.9958029912134193, 47.53465380148309], [0.0, 0.0, 0.0, 1.0]], [[0.9061548399201413, 0.4211765374458762, 0.0386488084474102, -38.970198348517805], [-0.4228272415974795, 0.8999437075415134, 0.10638819022570915, 1.0696743367724224], [0.010026457618173326, -0.11274594255021876, 0.9935732597982353, 37.37906633798276], [0.0, 0.0, 0.0, 1.0]], [[0.9661929691425131, 0.2576104449842505, -0.010392546107031317, -12.12795955217404], [-0.25420951961970645, 0.9586105876284748, 0.1282312809781789, -9.037774021312542], [0.04299612208430647, -0.12125427795176048, 0.9916898373806717, 55.76682200256815], [0.0, 0.0, 0.0, 1.0]], [[0.9475416460620222, 0.31915187682783913, 0.017518804049984002, -37.698415074877], [-0.31827763295715394, 0.9370665458981002, 0.14354663673453216, -19.677490055444462], [0.02939689332676586, -0.1415922599433749, 0.9894884812805366, 45.11349887411612], [0.0, 0.0, 0.0, 1.0]], [[0.9390492645876128, 0.34065168483523034, 0.04629155750652545, -15.549247659365994], [-0.3423942182976081, 0.9388286940497661, 0.036971374131577125, 15.365743758486573], [-0.030865481590785542, -0.05056790333527659, 0.9982435620621053, 42.593782819437095], [0.0, 0.0, 0.0, 1.0]], [[0.8734592621439023, 0.4710420378299971, 0.12324088595913696, -50.96899894405287], [-0.4767309814758585, 0.8788260582397269, 0.019807338536229378, 23.392876042665417], [-0.09897721291334581, -0.07605365182414316, 0.9921790933939881, 40.062513931907084], [0.0, 0.0, 0.0, 1.0]], [[0.9845700086536293, 0.1735490013937267, 0.022419682759351182, -3.041830152115834], [-0.17493375848126405, 0.9794164521002554, 0.10070547899177763, -7.616036238274683], [-0.0044808708314771325, -0.1030735536914534, 0.9946636438143331, 55.6684094099048], [0.0, 0.0, 0.0, 1.0]], [[0.9362945390358152, 0.3468939905728385, 0.05492809368770031, -31.67597685534025], [-0.3506931013506189, 0.9319261469525073, 0.09234719969409312, -1.3811967553404032], [-0.01915423808971409, -0.10572708229544606, 0.9942106915702008, 46.28425074250879], [0.0, 0.0, 0.0, 1.0]], [[0.8285740814924828, -0.558538326057755, 0.03872892721842052, 39.30819842964698], [0.559338689623949, 0.8288304987424274, -0.013425149687988431, -20.485009917459088], [-0.024601255428398777, 0.03278631847251675, 0.999159564610361, 32.84588061615918], [0.0, 0.0, 0.0, 1.0]], [[0.9037781895428252, -0.4253616567632106, 0.047459931124558624, 22.183302714424904], [0.4220708517164017, 0.904154377188789, 0.06603830965237358, -58.77508558828345], [-0.07100126927092376, -0.03965253038594651, 0.9966877628404531, 18.223854827591804], [0.0, 0.0, 0.0, 1.0]], [[0.9832304785944354, 0.1740909516801063, 0.054315435246982804, -13.112210313548497], [-0.17739663688598467, 0.9820886893687166, 0.06349991681551785, 0.19605942422581546], [-0.04228781366417971, -0.0720704291450417, 0.9965026814105178, 42.00696510214666], [0.0, 0.0, 0.0, 1.0]], [[0.9609091341902287, 0.2670186599142079, 0.07317561812110687, -44.38472848478229], [-0.27159696554325874, 0.9604174615811625, 0.061914358574477024, -3.488019416347916], [-0.05374685234950141, -0.079368348525189, 0.995395369245259, 20.614004861465666], [0.0, 0.0, 0.0, 1.0]], [[0.9953875394019707, 0.08828786351007019, 0.037535310843455155, -5.867215577088337], [-0.09085754644091627, 0.9931556700846398, 0.07339428610911272, -9.190972237138716], [-0.030798582078146598, -0.07646612410444747, 0.9965963973477012, 64.49104178348335], [0.0, 0.0, 0.0, 1.0]], [[0.9983407264009658, 0.05669493564551703, 0.010073642903286476, -17.699858623135047], [-0.05728616762354123, 0.9956174275886255, 0.07392044967946457, -28.14774576802956], [-0.005838579296351584, -0.07437487582481993, 0.9972132614630845, 47.47876993209262], [0.0, 0.0, 0.0, 1.0]], [[0.9477171957204978, 0.30902526298255567, 0.07959587787214568, -24.973859305432075], [-0.3149271497120816, 0.9459887044107713, 0.07698221548810066, 3.3769237818683817], [-0.05150735199851886, -0.09802427232983955, 0.9938502073875647, 23.554982800192686], [0.0, 0.0, 0.0, 1.0]], [[0.9519309867585968, 0.29743461864401294, 0.073212321919856, -46.894832058983134], [-0.30318414333002935, 0.9489728463762778, 0.08677506596795424, -10.84622732742302], [-0.04366659686811457, -0.10480068927539068, 0.993534118108362, 12.529986355932833], [0.0, 0.0, 0.0, 1.0]], [[0.9719319580910646, 0.23141116368093878, 0.04239271358498126, -20.60474976911709], [-0.23355515369284732, 0.9707532158913672, 0.05558942363502823, 5.552632905240757], [-0.028288849831247704, -0.063930174099544, 0.9975533438442392, 28.570072427361254], [0.0, 0.0, 0.0, 1.0]], [[0.9866815150484537, 0.15642314271966032, 0.0446249737634669, -35.358939717328965], [-0.15825163273724446, 0.9865520972308869, 0.040882516866425314, -9.905814629694143], [-0.037629889684685815, -0.04739999863968388, 0.9981669357032796, 17.371756183617837], [0.0, 0.0, 0.0, 1.0]], [[0.8608270881765084, 0.4985781505745429, 0.10196348381270152, -40.967346048292555], [-0.5053572757635935, 0.8610967607943167, 0.05591415189676495, 26.441629432780594], [-0.05992285118678792, -0.09966040497210323, 0.9932155131623974, 48.898387466717665], [0.0, 0.0, 0.0, 1.0]], [[0.8712943767752903, 0.4822586689817642, 0.090954302766258, -63.02367940586889], [-0.48685077855078074, 0.8727265475974869, 0.036396325955692914, 21.116259340060186], [-0.061825790931113817, -0.07599308725477183, 0.9951897418408369, 26.65261360934024], [0.0, 0.0, 0.0, 1.0]], [[0.9435274180308856, 0.30656975108990864, 0.1255826386911791, -34.04610523011046], [-0.3120839535870388, 0.9496879237423886, 0.02639040377390726, 12.180901753088182], [-0.11117381588058767, -0.0640923959182231, 0.9917320945941036, 65.33901157715918], [0.0, 0.0, 0.0, 1.0]], [[0.9605516730394007, 0.25347106634201255, 0.11442421923987581, -51.401005982013885], [-0.25788163178759904, 0.965845240359838, 0.02529892608027945, -4.257231607808887], [-0.10410354176384831, -0.053808830146113665, 0.9931097937240032, 49.821823701847116], [0.0, 0.0, 0.0, 1.0]], [[0.8827149422170436, 0.4474692746400239, 0.14347675435376472, -40.395068613168704], [-0.4519648639231533, 0.8920346297069526, -0.0014075448500488607, 28.44384843062952], [-0.12861606651459054, -0.06360399088665619, 0.989652686439844, 58.051175518695466], [0.0, 0.0, 0.0, 1.0]], [[0.7657923206148499, 0.6207645609094709, 0.16796869233935927, -70.97714661066006], [-0.6239124734348972, 0.7804745109324694, -0.03990943844597061, 52.629398646189614], [-0.15586964803858439, -0.07423542081509957, 0.9849841395254716, 49.47654504934729], [0.0, 0.0, 0.0, 1.0]], [[0.9187700748077292, 0.3916643278093307, 0.04960447519595752, -24.721820318770472], [-0.394679186797295, 0.9082085645015631, 0.1392319750453825, 1.9339143017070102], [0.009480988705141328, -0.14750002605992105, 0.9890166091454153, 61.68389493320404], [0.0, 0.0, 0.0, 1.0]], [[0.9066481312588733, 0.40718204970785254, 0.11041713852708493, -52.24500054939078], [-0.4183450540505702, 0.9015433084952333, 0.11048564910836627, -0.560445877049632], [-0.054558059315037405, -0.14636407108024624, 0.9877251524895958, 48.77476269033501], [0.0, 0.0, 0.0, 1.0]], [[0.9125713798540191, 0.40842519224200746, 0.02005839010016211, -19.026760616008815], [-0.4088679611918406, 0.9105994439412769, 0.060296293457095446, 14.161349896298296], [0.0063613663751298745, -0.06322590478526831, 0.9979789667031689, 24.04184883095287], [0.0, 0.0, 0.0, 1.0]], [[0.9435231676552297, 0.3309480027865332, 0.015409462983754542, -39.14226807125876], [-0.3312300304149321, 0.9412847630602476, 0.06534264902755162, -1.301885453500658], [0.007120326478900557, -0.06675638008624606, 0.9977438983369499, 12.850434258642748], [0.0, 0.0, 0.0, 1.0]], [[0.917184913354523, 0.3864666593403798, 0.09703275701092337, -25.849662811422412], [-0.3912811740702497, 0.9195657585761099, 0.03602580287162762, 16.462244343747226], [-0.07530522912162843, -0.07100941397184836, 0.9946289688091299, 59.63651841823788], [0.0, 0.0, 0.0, 1.0]], [[0.8946925962220171, 0.436997912288958, 0.09250936666416443, -49.27940251067626], [-0.44182960567635526, 0.896230540573414, 0.039464131706737925, 14.060673738821169], [-0.06566397652738712, -0.07618164344894593, 0.9949294444271076, 42.80858658951716], [0.0, 0.0, 0.0, 1.0]], [[0.9462457238499348, 0.31843716244877923, 0.056716872862352746, -30.289879266789466], [-0.32100494928930845, 0.9460604240273297, 0.04388048109354784, 11.415452416093446], [-0.03968441290334484, -0.05972811449227517, 0.9974255359232171, 39.23696009472034], [0.0, 0.0, 0.0, 1.0]], [[0.8937692986345246, 0.4484439420374642, -0.008629696880529138, -42.41302863716757], [-0.4460499402178534, 0.890688115467836, 0.08783013034264377, 10.513011847116658], [0.047073258332096614, -0.07465059821766529, 0.9960980858006625, 38.6195071755897], [0.0, 0.0, 0.0, 1.0]], [[0.951924538365678, 0.3024696157173353, 0.04849541035089431, -12.57564170477978], [-0.3052666562892289, 0.9498448947486071, 0.06787447589487709, 7.901884178353036], [-0.025533151299596657, -0.07941541089623462, 0.9965145511716812, 65.96245040859539], [0.0, 0.0, 0.0, 1.0]], [[0.9449794415931769, 0.3245050670468658, 0.04135597208569793, -31.981612940597874], [-0.32650714645805684, 0.943409430931492, 0.05806659057778577, 2.8449658282167056], [-0.02017271122235974, -0.06837475477411603, 0.9974557406880332, 54.24826025447983], [0.0, 0.0, 0.0, 1.0]], [[0.9567565999686466, 0.29021838070173217, -0.01975094730130966, -2.2766061594097953], [-0.2882624690079732, 0.9550323872421334, 0.0694110097896456, 9.709271930557161], [0.039007145215486386, -0.06071598489240992, 0.9973926066503022, 59.44704270770425], [0.0, 0.0, 0.0, 1.0]], [[0.9672418711224061, 0.24916581688877495, -0.04857528632729156, -16.95766333068943], [-0.24417534350927209, 0.965503283346223, 0.09045336627121063, -11.038471497178117], [0.06943748533578849, -0.07562939601645824, 0.9947153512882104, 52.572482893661075], [0.0, 0.0, 0.0, 1.0]], [[0.8610176369389835, 0.5039561490105952, 0.06838734352510784, -32.371317592674984], [-0.5066154514723759, 0.861703313034194, 0.028428588345800702, 32.2543362057294], [-0.0446028385806358, -0.05912360087398149, 0.9972537222844775, 37.86760269196296], [0.0, 0.0, 0.0, 1.0]], [[0.8867499610121667, 0.45682870524671754, 0.07058357250474688, -53.0875677542498], [-0.45865346857199235, 0.8885431185949909, 0.011319106164901796, 22.12501531727138], [-0.05754565502108117, -0.04241061730392407, 0.9974416459763945, 24.022636092257308], [0.0, 0.0, 0.0, 1.0]], [[0.8725517529834778, 0.48557182838576374, 0.05360445731064527, -25.08579205086961], [-0.48816426522627887, 0.8708450869828578, 0.05765834400941559, 24.292225241526072], [-0.018683910767010523, -0.07647766965544454, 0.9968962220424582, 34.94273463673145], [0.0, 0.0, 0.0, 1.0]], [[0.9663889845159973, 0.2563820710497136, 0.018988529442713675, -32.926838302079894], [-0.2570475782370445, 0.9648598542476544, 0.054516091052659275, -6.539033151798223], [-0.00434432142085847, -0.057564705379693465, 0.9983323252133727, 16.684160630805223], [0.0, 0.0, 0.0, 1.0]], [[0.9262115853536734, 0.363663137541199, 0.09940433365968662, -29.875581873885757], [-0.3708607253119665, 0.9262826123036932, 0.06680452503333768, 9.653720460651003], [-0.06778216268102928, -0.09874028832011085, 0.9928020617850989, 25.23156245725987], [0.0, 0.0, 0.0, 1.0]], [[0.9774249308473355, 0.19489092776766584, 0.08159675748423265, -39.83599989325274], [-0.19927318014836434, 0.9786949873318552, 0.04946030170812143, -9.675063262548548], [-0.07021897344478704, -0.06460377733042683, 0.9954374152717993, 16.86701451343747], [0.0, 0.0, 0.0, 1.0]], [[0.9860465568707992, 0.15461240312292682, 0.06170245119762932, -15.196255511954483], [-0.1567658567644687, 0.9871267043962615, 0.03170702793829221, -0.8662776810377345], [-0.05600583751846177, -0.04093744335362339, 0.9975908339071315, 33.10237502983809], [0.0, 0.0, 0.0, 1.0]], [[0.9941673610861352, 0.08639584527250113, 0.06455242885191634, -31.27666727481348], [-0.09009159800966793, 0.9943171656328147, 0.0567175290010999, -25.713430398587125], [-0.059285429230933676, -0.062202347605024286, 0.9963012124018159, 25.92931446406585], [0.0, 0.0, 0.0, 1.0]], [[0.9322202914711764, 0.3357422857781178, 0.13506459828496145, -38.04011932964052], [-0.33176480368336203, 0.941948016582253, -0.05163379797861818, 29.560145704677065], [-0.1445594798217453, 0.0033243942668089, 0.9894905280983859, 39.79349333255681], [0.0, 0.0, 0.0, 1.0]], [[0.9290214874414732, 0.3489439580780429, 0.12311454013584495, -60.33345269861847], [-0.3522927358582587, 0.9358715460088141, 0.005854710289604613, 10.261930271978178], [-0.1131764292312426, -0.04881150983017569, 0.9923751973797829, 29.25240868915875], [0.0, 0.0, 0.0, 1.0]], [[0.8760765622906151, 0.4772371267734556, 0.0688082977123788, -24.604977141909206], [-0.47909044026541053, 0.877676540849139, 0.01249958756872136, 30.856649858735253], [-0.05442616146076847, -0.04391599335219294, 0.9975515918871254, 45.45478094919196], [0.0, 0.0, 0.0, 1.0]], [[0.9791722569442276, 0.18775714808366845, 0.07725894494640317, -37.38274623193083], [-0.1937273026667373, 0.9778864279443531, 0.07879001360388661, -17.854964380803537], [-0.06075708544864856, -0.09211616245652897, 0.9938929465400516, 43.77379713059222], [0.0, 0.0, 0.0, 1.0]], [[0.9625403658911686, 0.25637666376693, 0.08824426500252941, -30.775690801003666], [-0.262229002680101, 0.962974843870481, 0.06257315899031111, 2.0058480317116416], [-0.06893470956998238, -0.08336939695335203, 0.9941315554131355, 37.39278423261103], [0.0, 0.0, 0.0, 1.0]], [[0.9978256422440763, 0.04694233489840276, 0.046264509880486616, -35.06328924421863], [-0.04905173316460746, 0.9977563399611402, 0.0455654862905662, -25.345309545913228], [-0.04402175773119007, -0.04773576501569689, 0.9978894636103856, 16.944810343314348], [0.0, 0.0, 0.0, 1.0]], [[0.9610035958547221, 0.25291542418096336, 0.11182967837590131, -32.08446623570995], [-0.2563549989945119, 0.966428050319365, 0.01728982493946542, 10.633581490423815], [-0.1037024746320844, -0.045283681026135704, 0.9935769648033846, 31.533055448246078], [0.0, 0.0, 0.0, 1.0]], [[0.9867993176540314, 0.15201240058592083, 0.05585102278062263, -37.993994585999], [-0.1531701877702338, 0.9880528208977565, 0.017044550284907985, -10.099442917095146], [-0.05259277760270279, -0.025374262237334626, 0.9982936174091972, 17.95179903159715], [0.0, 0.0, 0.0, 1.0]], [[0.9324650118462757, 0.35526383121478594, 0.06554854623187793, -25.244604552945276], [-0.3601025873800428, 0.9285630590178906, 0.089982064821459, 6.0659630922307], [-0.02889858551415958, -0.10750932823679392, 0.9937839886501245, 54.525552737232275], [0.0, 0.0, 0.0, 1.0]], [[0.9256391317540038, 0.36786988745074545, 0.08867887951854951, -48.91605297761906], [-0.37607086384305843, 0.9203087738603319, 0.10771474422762996, -6.819729119712115], [-0.041986940041220396, -0.1330545251491437, 0.9902189607371223, 40.42701373234413], [0.0, 0.0, 0.0, 1.0]], [[0.9590887424900663, 0.274286789801566, 0.070110919043835, -27.285163625228694], [-0.27740836714480793, 0.9599459985455767, 0.03934816024144211, 10.589098588886245], [-0.05651001563325964, -0.057187733096234525, 0.9967628510916935, 49.63323992169866], [0.0, 0.0, 0.0, 1.0]], [[0.9789103251872792, 0.20158245141128536, 0.033152534213115564, -37.91332677925211], [-0.20301839120156667, 0.9780012982541367, 0.04792695950244065, -9.393034922028459], [-0.022761987515650322, -0.05364676967197332, 0.9983005138875257, 29.007866076162323], [0.0, 0.0, 0.0, 1.0]], [[0.9642188668165167, -0.2532390732401956, 0.07843435892211449, 3.910348000893673], [0.2543180794269531, 0.9671126807208064, -0.003921385674060555, -5.695442391879435], [-0.07486181504386744, 0.023728349573149624, 0.9969115678308054, 37.17779601632278], [0.0, 0.0, 0.0, 1.0]], [[0.9632442776354668, -0.2513525139276769, 0.09477539419471998, -9.741229221150626], [0.25558265401432045, 0.9661422886664738, -0.035307010880351604, -20.840454276708265], [-0.08269201031250577, 0.05823222297445186, 0.9948723735424202, 24.431184134289428], [0.0, 0.0, 0.0, 1.0]], [[0.9694511207690402, 0.23864027588356077, 0.056703996030869605, -14.00172623463373], [-0.24333894273888831, 0.9647686599816803, 0.10003795111792202, -7.971692320084097], [-0.030833154012701532, -0.11078019427393002, 0.9933665311305084, 52.93229898628235], [0.0, 0.0, 0.0, 1.0]], [[0.999013129589698, 0.010387633144832882, 0.04318407096423427, -16.97417183354648], [-0.014087940261627225, 0.9961707971690961, 0.08628599426716232, -35.81121663069667], [-0.04212240314346356, -0.08680921578459458, 0.9953340460409671, 43.276085446796195], [0.0, 0.0, 0.0, 1.0]], [[0.9551890496330766, 0.27747200718377996, 0.10306873769704573, -18.958759082754387], [-0.28664900050577974, 0.9539500860451077, 0.08838316493297467, -1.7597870308687054], [-0.07379857701944982, -0.11396718196014219, 0.9907397496143822, 54.84434776854079], [0.0, 0.0, 0.0, 1.0]], [[0.9746906985708832, 0.18795369062360417, 0.12104318361795263, -37.32906130985826], [-0.19660041836861408, 0.9784015219076055, 0.06386499374591935, -12.792953666634512], [-0.10642517379214775, -0.08604575590839375, 0.9905906370814661, 43.039213388382386], [0.0, 0.0, 0.0, 1.0]], [[0.935363785587861, 0.3468415896721266, 0.06924955078883868, -19.177216957908772], [-0.3528254181284943, 0.9286842593282717, 0.11427935420867241, 2.6566883347957426], [-0.024674134902708186, -0.1313257710794424, 0.9910321533215712, 65.89096759435952], [0.0, 0.0, 0.0, 1.0]], [[0.9693318693703366, 0.23657790794811434, 0.0665328527413261, -32.07144926983985], [-0.2435123372854643, 0.9611104431356521, 0.13026303268908057, -23.26963722394623], [-0.03312806382473559, -0.14246967946366604, 0.9892446218305878