[[[0.9983244735024258, -0.016413030833859414, 0.05548745826715637, -10.562913679111949], [0.021413763294009246, 0.9956419848315474, -0.09076612133544491, 6.905135109190328], [-0.05375589593422084, 0.09180223559118454, 0.9943252250610801, -13.322411185328262], [0.0, 0.0, 0.0, 1.0]], [[0.98929311932108, -0.14263239537978434, 0.03090507809717042, -12.280558035831687], [0.14481802446323055, 0.9856427729583312, -0.08681050573276695, -16.626166240117822], [-0.018079376497393822, 0.09035664836212365, 0.9957453551195871, -52.067109511148516], [0.0, 0.0, 0.0, 1.0]], [[0.9817013613369585, 0.18610832870868044, 0.04032526669993467, -22.91406811418789], [-0.1825832279099505, 0.9800689346319207, -0.07828312880455818, 20.865434668765257], [-0.054090683441255887, 0.06948793675674778, 0.9961152667287791, -11.033045348688614], [0.0, 0.0, 0.0, 1.0]], [[0.9994068575421432, -0.03356526809723633, 0.00770103079438252, -20.440391330045017], [0.033664473592335, 0.9993468615917763, -0.013135959973059436, -21.667450712729345], [-0.007255088937177504, 0.013387419625285984, 0.9998840636195213, -25.649702347937026], [0.0, 0.0, 0.0, 1.0]], [[0.9987307894600221, -0.048653318554818394, 0.013025543296162269, 1.9336102095500016], [0.04913496120206887, 0.998005223425608, -0.03964000003616853, 9.41316791574172], [-0.011070942698253669, 0.04022969809481079, 0.9991291235966283, -1.399050168412987], [0.0, 0.0, 0.0, 1.0]], [[0.9677328051646289, -0.2490400329656278, 0.03837029826151807, 0.7789161263973775], [0.25119781468732855, 0.965461731993357, -0.06916141953935356, -15.668610057981233], [-0.019821092414636716, 0.07656830961218075, 0.9968673022316592, -23.54026946704279], [0.0, 0.0, 0.0, 1.0]], [[0.9985488547924805, 0.03585593836920917, 0.04018129261593478, -14.225730918862249], [-0.03736013654072594, 0.9986043168077008, 0.03733146997751383, -11.329687928600276], [-0.03878665737444016, -0.03877847517228052, 0.998494779692428, -1.1389624677403316], [0.0, 0.0, 0.0, 1.0]], [[0.9966677781980038, -0.08147661825680864, 0.003860126848897443, -16.079048709866367], [0.08133497932804189, 0.9962815789264883, 0.028418948422718835, -36.44338681361458], [-0.006161253083773872, -0.02801028684573619, 0.9995886467898987, -27.62422805613292], [0.0, 0.0, 0.0, 1.0]], [[0.9230537907177659, 0.38026542419633313, 0.058050896654135424, -22.66947954045943], [-0.3841203734204858, 0.9192474537253879, 0.08623025885790969, 22.26156432993684], [-0.0205727529726269, -0.10189369941354805, 0.9945825435100673, 8.044559375558702], [0.0, 0.0, 0.0, 1.0]], [[0.9986616923319688, 0.012095931138674515, 0.05028431881346792, -14.739124733286058], [-0.012768825665479537, 0.9998328932015503, 0.01308215438439411, -0.9655462195950304], [-0.050117675123359774, -0.013706718137503644, 0.9986492600098025, -12.541027129832246], [0.0, 0.0, 0.0, 1.0]], [[0.9873538622645018, -0.15730888560530848, 0.019653630224170993, 3.027941288974519], [0.1564354031826297, 0.9868756814140416, 0.040054388831437054, -25.90445579109859], [-0.0256966009904134, -0.03647333194524299, 0.9990041945629421, -9.7894617985442], [0.0, 0.0, 0.0, 1.0]], [[0.9959337927604327, 0.06374041699024487, 0.06366348780683487, -34.45944103022327], [-0.0654551706714993, 0.9975367463469014, 0.025220236319375988, -21.034985056802935], [-0.06189912010833604, -0.02928479007180981, 0.9976526950799385, -21.964375836225642], [0.0, 0.0, 0.0, 1.0]], [[0.9940603161225904, 0.05769694686971745, 0.09227757166381037, -19.453341593621456], [-0.06167171524801326, 0.9972615522603455, 0.04081661330455696, -8.708791490772464], [-0.08966988038703205, -0.04626509164801005, 0.9948964035748529, -7.016210361313672], [0.0, 0.0, 0.0, 1.0]], [[0.9764518576949576, -0.21464808110898173, 0.021632634613039506, -5.2836853730982165], [0.2139865919950061, 0.9763967361706499, 0.029311295462091165, -43.68607849998117], [-0.027413647156700242, -0.023991975148687093, 0.9993362182359017, -36.915382487194535], [0.0, 0.0, 0.0, 1.0]], [[0.9826930105924085, 0.16941126735501355, 0.0749284286903, -24.622744130434548], [-0.16814087688790105, 0.9854947161374509, -0.022995868857970447, 11.187460079170476], [-0.07773732984993079, 0.009999347895407604, 0.9969237285717849, -9.24334173724761], [0.0, 0.0, 0.0, 1.0]], [[0.9946748107951316, -0.09489717311007466, 0.04020630927334169, -16.438918767727554], [0.09543651409960871, 0.9953666397058447, -0.011710010128394737, -26.27166045364488], [-0.03890877209810513, 0.015484802110728628, 0.9991227794207316, -31.98232271876789], [0.0, 0.0, 0.0, 1.0]], [[0.9887243664692094, -0.14729786534606548, 0.026971577902511923, 5.9880099910876], [0.148168515184901, 0.9883854936878312, -0.03376695093376596, -4.437043572669891], [-0.021684516548925004, 0.03738254581959378, 0.9990657270720907, -9.871555312776666], [0.0, 0.0, 0.0, 1.0]], [[0.9811062836686864, -0.18093057631344578, 0.06851705408657414, -9.28521461674676], [0.1809743487856887, 0.9834717609764458, 0.0056196479856487035, -30.402542424900545], [-0.06840135398816358, 0.006886357293305535, 0.9976341177284455, -24.5093460619907], [0.0, 0.0, 0.0, 1.0]], [[0.898732392774424, -0.4373189957373096, 0.032127591650582085, 25.239921452649636], [0.43848531133476565, 0.8957448999566265, -0.07329192278379873, -6.175183147300772], [0.0032738236985693234, 0.07995730216186371, 0.9967929132519886, -12.971170516821983], [0.0, 0.0, 0.0, 1.0]], [[0.9280538749595719, -0.37243238211275426, 0.003182126072908105, 16.30695879227911], [0.3722449634595068, 0.9272384735642312, -0.040773770015838574, -26.438169796734442], [0.0122348825721841, 0.03902478566364257, 0.9991633368735833, -22.370889510036555], [0.0, 0.0, 0.0, 1.0]], [[0.9926888713437451, -0.1190613479121456, 0.01982927491419341, 0.9899048252280221], [0.11764904141072535, 0.9911509985947611, 0.06146869967506522, -26.237109265745197], [-0.026972351870332992, -0.05868639891788362, 0.9979120195771932, -20.598525634358538], [0.0, 0.0, 0.0, 1.0]], [[0.9816784503575519, -0.1904978460242662, -0.004241552040332689, -3.2167576631848593], [0.19050817390960312, 0.9808072298388846, 0.04151883391189421, -41.99785411131179], [-0.003749103522758938, -0.04156619486902721, 0.9991287182675143, -36.837657752995426], [0.0, 0.0, 0.0, 1.0]], [[0.9964562611425751, 0.07924517506544079, 0.028197905216679475, -14.074605232750137], [-0.08059397042900335, 0.9954702129640385, 0.05043477998187443, -6.905998474273477], [-0.02407346174213704, -0.052528633431479906, 0.9983292097848142, -3.459097436392821], [0.0, 0.0, 0.0, 1.0]], [[0.9997579071383549, 0.01876653253717915, 0.011486704090673146, -25.13543620142981], [-0.019174344164132752, 0.9991501510228546, 0.036487261295982495, -25.536090956949344], [-0.010792202750647321, -0.03669867800802792, 0.9992680998572164, -31.63321144439901], [0.0, 0.0, 0.0, 1.0]], [[0.9979942958663598, -0.032193020766014595, 0.054506832894297294, -4.011681068538879], [0.031020000937198523, 0.9992714884393495, 0.022231777573116597, -7.426813556660473], [-0.05518283211347616, -0.0204963851974752, 0.9982658730186919, -10.016261996310305], [0.0, 0.0, 0.0, 1.0]], [[0.9505284112033481, -0.31024820779372086, -0.015549567711690747, 12.944307703921064], [0.30982523343285584, 0.9504718986114224, -0.02472841843447347, -32.04967069510687], [0.022451374646386205, 0.01868741584003711, 0.9995732670823618, -46.94528684422829], [0.0, 0.0, 0.0, 1.0]], [[0.9876918452884189, -0.1436623181716698, 0.06185432150062593, -0.5329404340786313], [0.14610350030787309, 0.9885802259084897, -0.036917531614511924, 6.3618860124885295], [-0.05584430094958831, 0.04550027780424069, 0.9974021950904213, -9.424306020479], [0.0, 0.0, 0.0, 1.0]], [[0.9805595948492553, -0.1926825465162298, 0.037098749535387554, -9.489626454419682], [0.192838602634508, 0.9812302798082678, -0.0006413434036920327, -21.460119997736097], [-0.03627884070693035, 0.007782946447975229, 0.9993113986448628, -34.498023630857304], [0.0, 0.0, 0.0, 1.0]], [[0.9925998575246919, 0.11834142017866105, 0.02721821287410304, -14.126489029914366], [-0.1190142853392062, 0.9925880035272525, 0.02458973645617982, -1.0218530046469532], [-0.024106487242242354, -0.027647125056395563, 0.9993270304304582, -13.566138425116337], [0.0, 0.0, 0.0, 1.0]], [[0.9979495863790316, -0.03866104948684499, 0.051009276592582184, -23.78831433529302], [0.03790523708642874, 0.9991579557779515, 0.015702624208987433, -24.73719963691991], [-0.051573404457573475, -0.013736908611575309, 0.9985747249427334, -37.98180667447634], [0.0, 0.0, 0.0, 1.0]], [[0.9826984192917911, 0.17117230289524657, 0.07073796323722428, -24.295315652119562], [-0.17436001717576954, 0.983802294315444, 0.04161285991293293, -3.0583449426416647], [-0.06246920146662875, -0.05322676414367129, 0.9966265651922553, -6.504692956054197], [0.0, 0.0, 0.0, 1.0]], [[0.9993419300013425, 0.03607188382920859, 0.003811317121722022, -24.462939272973042], [-0.036240114736572494, 0.9973689687785061, 0.0627837096831678, -32.27057263684639], [-0.0015365627453217741, -0.06288051617720951, 0.9980198793912948, -19.368785417672434], [0.0, 0.0, 0.0, 1.0]], [[0.9476647448486121, -0.3096881787712211, 0.07761934875001558, 13.549073752826724], [0.3100872365936486, 0.9506811249866775, 0.0071627017093232005, -18.51717608694669], [-0.07600945383783993, 0.017280929472298524, 0.9969573373037794, -1.0229166184951672], [0.0, 0.0, 0.0, 1.0]], [[0.9308211382052344, -0.3620141139002828, 0.05017758470977176, 12.716836738805508], [0.36218925906060495, 0.9320860491914923, 0.0058768634257081115, -41.41578542671074], [-0.04889733419567328, 0.012703473524488619, 0.9987230208966683, -19.976137136733314], [0.0, 0.0, 0.0, 1.0]], [[0.9624356953197868, -0.27135504631954277, 0.009163580699337351, 19.534087453627595], [0.2705276145237091, 0.9612760883913375, 0.05256511835006227, -30.70423613045807], [-0.023072541134990795, -0.04811154460172195, 0.9985754538949999, -10.628511128020422], [0.0, 0.0, 0.0, 1.0]], [[0.9842215164901131, -0.173876070896722, 0.03278899887796395, -3.6205098272277194], [0.17125315611163963, 0.9826925537006977, 0.07062366050411413, -44.005207288318985], [-0.044501269641475064, -0.06389410669784981, 0.9969639813601986, -16.858002570783135], [0.0, 0.0, 0.0, 1.0]], [[0.9961578492012222, -0.02017843502822327, 0.08521954138930778, -9.62731741295625], [0.022164727096369366, 0.9995027677156727, -0.022426372900090835, -1.5698577763317187], [-0.08472463837359046, 0.024229075271710837, 0.9961097768639466, -10.079959421317087], [0.0, 0.0, 0.0, 1.0]], [[0.9394474606766392, -0.34245516648524177, 0.01276430866839472, 12.915626878475262], [0.3426817757037195, 0.9390659092676481, -0.02691502650704804, -35.92075789050767], [-0.0027693372424331605, 0.029659349266206628, 0.9995562284195655, -45.2383290492367], [0.0, 0.0, 0.0, 1.0]], [[0.9236840446335737, -0.38185095974436795, 0.031585285049603284, 23.93234596663513], [0.38103187649709236, 0.9241054665680116, 0.029048162630691106, -30.179860428038097], [-0.040280203356787225, -0.014796323915744728, 0.9990788627611505, -12.021435023692186], [0.0, 0.0, 0.0, 1.0]], [[0.9308793764133837, -0.36529532348427796, -0.004786774356969964, 14.357349036388175], [0.3653211996995166, 0.9308572904504838, 0.0067175788264607905, -44.07320163701155], [0.002001903677483784, -0.008001965739762735, 0.9999659798842992, -31.454148274458955], [0.0, 0.0, 0.0, 1.0]], [[0.991379718909992, -0.002512893300420303, 0.13099594765184605, -21.099279723194936], [0.005200857036658205, 0.9997828082667886, -0.02018136220022983, -7.313173477874245], [-0.13091678280506566, 0.020688684381403425, 0.991177468629376, -4.963394646002503], [0.0, 0.0, 0.0, 1.0]], [[0.9908368522221732, -0.08788772289750858, 0.10255769323823244, -27.914221027868432], [0.08814828670997771, 0.9961053606253012, 0.0019975193707957007, -30.837978307771102], [-0.1023338254369113, 0.007061069142265606, 0.9947250521998608, -23.68751927642809], [0.0, 0.0, 0.0, 1.0]], [[0.9952242277381009, -0.0883387757576155, 0.04153308585628102, -2.0092471309696003], [0.08656207712592802, 0.9953269986730671, 0.04279220158051484, -13.39614442251036], [-0.045119212390558834, -0.03899264559001186, 0.9982203315216265, -4.490609400016606], [0.0, 0.0, 0.0, 1.0]], [[0.9819642539957997, -0.18892922489264696, -0.007207763587498709, -1.634288498762943], [0.189053313519193, 0.9807280726511846, 0.049308134839023764, -42.7694393471237], [-0.002246891604745897, -0.049781477432406, 0.9987576062202289, -25.989244295144182], [0.0, 0.0, 0.0, 1.0]], [[0.9868372678729006, 0.15484411340782028, 0.04664233356188171, -16.41677146004704], [-0.15628853735904097, 0.9872832711451612, 0.029079814426590155, 8.042847440919514], [-0.0415463575698689, -0.03598670671038613, 0.9984882859166746, -1.1081509861781067], [0.0, 0.0, 0.0, 1.0]], [[0.9989730215364372, 0.04484053905844627, -0.006498330501961021, -18.811664367634307], [-0.04467577298955598, 0.9987226994789866, 0.023601797668710896, -15.072186449660448], [0.007548347511238509, -0.023287241192487002, 0.9997003185192523, -17.546093186022865], [0.0, 0.0, 0.0, 1.0]], [[0.9986516108991329, -0.04666641990373586, 0.02274214813803184, -8.134021964543251], [0.04627576842837407, 0.9987769493697104, 0.01741145209612038, -11.129961011972988], [-0.023526863474068866, -0.016335564303084412, 0.9995897338578317, -15.980123158750189], [0.0, 0.0, 0.0, 1.0]], [[0.9891998127642004, -0.14467140947759233, -0.023535371402196678, -6.809262915336842], [0.14495342101104602, 0.9893801391449979, 0.010744580150967995, -35.17515746377188], [0.021730995478049017, -0.014040069273081409, 0.9996652641211162, -36.89555286076524], [0.0, 0.0, 0.0, 1.0]], [[0.9978568179450251, -0.06543490293171689, -0.00021061563988676566, 5.71145464740588], [0.06543475536363338, 0.9978566417681815, -0.0006444141747215041, -3.8771087662578285], [0.00025233139409198887, 0.0006292514949545227, 0.9999997701856856, -6.191891568350818], [0.0, 0.0, 0.0, 1.0]], [[0.9747794729671222, -0.2226018848984423, 0.01591791197359046, 0.20881077238725124], [0.22294476037954056, 0.9745199891124842, -0.024625690640335537, -24.387387891560547], [-0.010030598249732214, 0.027553432814532416, 0.9995700052717098, -31.487854749887862], [0.0, 0.0, 0.0, 1.0]], [[0.9952555765779946, -0.08256693008932707, 0.05146881916297498, -3.1397549244834564], [0.08351706351783719, 0.9963682781948766, -0.016587775870729578, -7.084837778638884], [-0.049912296999480785, 0.020807601077591737, 0.9985368327436068, -5.812457154747824], [0.0, 0.0, 0.0, 1.0]], [[0.9657518521752726, -0.23265656065455406, 0.11486637804171947, -10.636868255874855], [0.23444908723509142, 0.9721259992871505, -0.0021603251125544543, -33.31012145171402], [-0.1111619787277195, 0.02901665546463228, 0.9933786026440197, -27.79382914056409], [0.0, 0.0, 0.0, 1.0]], [[0.9984706676643726, -0.044556181747826856, 0.032727243726192345, -7.912774266691165], [0.043810374521677124, 0.9987713078002268, 0.023163026557282754, -19.94906069649538], [-0.03371908803822198, -0.021693809787071014, 0.9991958775529405, -11.248088870475314], [0.0, 0.0, 0.0, 1.0]], [[0.9956701140647259, -0.05995094124029811, 0.0710415976927489, -24.446634689854662], [0.059112472784360874, 0.9981552647009606, 0.013848577944204413, -36.50042031217702], [-0.07174078003237949, -0.009589170671170114, 0.9973772146415744, -20.92594400643447], [0.0, 0.0, 0.0, 1.0]], [[0.9840806924347234, -0.17042587954851565, 0.0504004995740155, 2.7195827409154303], [0.16979317869055993, 0.9853397149092803, 0.01661092088520126, -18.09414331343567], [-0.05249254468351692, -0.007788825496422963, 0.9985909407510339, -12.119579164573178], [0.0, 0.0, 0.0, 1.0]], [[0.9830087715801156, -0.18177456156777969, 0.02552966438073225, -7.512025831703384], [0.18186583362771278, 0.9833225203274059, -0.0012804592353959996, -32.45149658395413], [-0.024871139005854977, 0.0059016763548826335, 0.9996732449459443, -34.15224114197211], [0.0, 0.0, 0.0, 1.0]], [[0.9662915865351078, 0.2547324521334259, 0.03730881426099072, -15.831341235526244], [-0.25654964861039686, 0.9648571674636978, 0.056858809271872736, 15.759504324345365], [-0.02151389293807776, -0.06451375220854264, 0.9976848842127604, -2.940239414144855], [0.0, 0.0, 0.0, 1.0]], [[0.9998218691413864, -0.007918359395526093, 0.01713270472243834, -16.525350796315397], [0.0072635343869710085, 0.9992531977309159, 0.03795112505245254, -20.25033454167891], [-0.01742042062730596, -0.037819920796068364, 0.9991327151765911, -20.836498196703673], [0.0, 0.0, 0.0, 1.0]], [[0.9946096843491062, 0.029829888371117552, 0.09930636212616589, -17.887918523222083], [-0.02913785324748839, 0.9995400051833401, -0.00841210712088073, 0.8993646519673291], [-0.09951161393070845, 0.005473189002035903, 0.9950213479594544, -7.601657709537834], [0.0, 0.0, 0.0, 1.0]], [[0.9957296495761858, -0.08552467613730248, 0.034756218529830935, -19.475466548126853], [0.08555380661011257, 0.9963333390234083, 0.0006509416137625207, -24.073523300833095], [-0.03468445083035515, 0.0023253649336336616, 0.9993956081294944, -32.83733364650474], [0.0, 0.0, 0.0, 1.0]], [[0.9883711669361521, 0.14582964218330577, -0.04308308055324528, 3.470256687386369], [-0.14628813844405225, 0.9892122779655806, -0.0076713540342925254, 14.926424215198901], [0.04149960144196805, 0.013884688791423482, 0.9990420404053686, 4.020234192557443], [0.0, 0.0, 0.0, 1.0]], [[0.9968129059725931, -0.07899827241749563, -0.011104208279988457, -3.1525600289397446], [0.07884464151716604, 0.9967934224709585, -0.013652670898489433, -16.25081120960305], [0.012147139190105339, 0.01273365123144308, 0.9998451385768766, -13.732201190118955], [0.0, 0.0, 0.0, 1.0]], [[0.9099364533520543, -0.4110673574742388, 0.05512965155183636, 22.165371883548076], [0.41405778790501124, 0.9080254863027588, -0.06360711045035554, -7.2684041610842955], [-0.023912321850658124, 0.0807052900606964, 0.9964511312753485, -18.571451839007413], [0.0, 0.0, 0.0, 1.0]], [[0.967035462993927, -0.25194060181967665, 0.03699116741681272, 0.6534044938527408], [0.2530813180838965, 0.9669718293081869, -0.030254384166514388, -24.719603251178782], [-0.02814710907068546, 0.03861883580737046, 0.9988575102445012, -34.69662723867591], [0.0, 0.0, 0.0, 1.0]], [[0.9615825843242439, 0.2672682859536752, 0.06266256336673838, -31.697999526265335], [-0.26945408522316755, 0.9625659491305708, 0.02934773468099532, 8.45254018637815], [-0.05247313103724633, -0.045104954248337076, 0.9976031844483068, 9.840595525784169], [0.0, 0.0, 0.0, 1.0]], [[0.994633751295947, 0.10047587068612242, 0.02466374247385588, -33.2700406736921], [-0.10095255254971303, 0.994711580363334, 0.018906454579703403, -19.03194021860162], [-0.022633667768360174, -0.021294865600481362, 0.9995170062497228, -14.741852432038634], [0.0, 0.0, 0.0, 1.0]], [[0.9960208282015642, -0.07264051040925683, 0.0516320252958857, -0.47550676717059853], [0.07604441071725426, 0.994827752579269, -0.06734233658513059, 7.465732851727701], [-0.04647318998452608, 0.07100069679631414, 0.9963930668501764, -9.92096085044656], [0.0, 0.0, 0.0, 1.0]], [[0.9800955155867993, -0.19800750153627056, 0.01434606782395686, -0.42948135358083006], [0.1983013677256654, 0.9798651632185422, -0.02325574055651884, -21.10238190482566], [-0.009452401005893759, 0.025637691902069975, 0.9996266107248047, -32.66908040920117], [0.0, 0.0, 0.0, 1.0]], [[0.9983185703981803, -0.010026595789347054, 0.05709202549399502, -8.725075130872229], [0.009543290138121939, 0.999916337596437, 0.00873174788151893, -5.878598272027679], [-0.05717479874446048, -0.008172220298293084, 0.9983307353797757, -3.9392701883767836], [0.0, 0.0, 0.0, 1.0]], [[0.9796097079094848, -0.1984486995877128, 0.031351775092350306, -5.721301115977134], [0.19927013139580768, 0.9796081649174662, -0.025676019172241455, -29.83360658409304], [-0.02561708224980193, 0.03139994998374224, 0.9991785667427167, -30.08082484655353], [0.0, 0.0, 0.0, 1.0]], [[0.9915781425534251, -0.12854889994690383, 0.015746984877808956, 6.393458171570357], [0.12905983721090658, 0.9909283270898619, -0.03747811347950687, 0.6405406153848773], [-0.010786363121800742, 0.03919478145530846, 0.9991733700801264, 2.819121063724194], [0.0, 0.0, 0.0, 1.0]], [[0.9810996575149594, -0.19346037660597618, 0.00406751859313482, -0.32258862108587144], [0.19338828856303966, 0.9795766265051671, -0.05505090963296092, -17.230648730920002], [0.006665723568384127, 0.05479703904620963, 0.9984752639104697, -22.828578618702828], [0.0, 0.0, 0.0, 1.0]], [[0.9643181212159566, -0.2526054284975474, 0.07925312983151774, 4.747300055317878], [0.25981672012726964, 0.9604628527231348, -0.10003189731900843, -1.891480148128342], [-0.05085108687952594, 0.11705385953697969, 0.9918228475542721, -18.873584616414117], [0.0, 0.0, 0.0, 1.0]], [[0.9453311283759519, -0.3258581292431884, 0.012866131103593933, 7.326657686829245], [0.32610811127682826, 0.9443902845570086, -0.04219585517310157, -30.9479144272827], [0.0015992132144525362, 0.04408480509720951, 0.9990265123992622, -40.60467941402007], [0.0, 0.0, 0.0, 1.0]], [[0.947969249936774, -0.31798149803126086, 0.015558537338243703, 20.001035823252955], [0.31810102602235346, 0.9480386889923196, -0.005863566939189148, -21.359586646763773], [-0.012885589541656691, 0.010507667843999636, 0.9998617656949624, -21.352784719055347], [0.0, 0.0, 0.0, 1.0]], [[0.9533349104381819, -0.3009245090515691, 0.024433345900574284, 5.276134927886405], [0.30148625512768656, 0.953169565112081, -0.023954500895086, -37.163639538797355], [-0.016080625264854282, 0.030202979921211705, 0.9994144252986202, -38.682424280841026], [0.0, 0.0, 0.0, 1.0]], [[0.9954253344064309, -0.09324636586976051, 0.02082111605870596, -0.6228824767232974], [0.09429528390764816, 0.9939166899877413, -0.05690353940304124, 5.482045259368015], [-0.015388406500459296, 0.05860655778921158, 0.9981625460462238, -9.635233145543905], [0.0, 0.0, 0.0, 1.0]], [[0.9751824534002643, -0.22002011364933177, 0.02470490173982798, -3.9235030373054522], [0.22100663760008896, 0.9740304636316622, -0.0492008338769662, -22.39212347099773], [-0.013238153834367347, 0.05343973715523881, 0.998483322732951, -31.40872440239079], [0.0, 0.0, 0.0, 1.0]], [[0.9943189920790904, 0.07870301436281774, 0.07166294384844692, -15.99132516581623], [-0.08011897916216086, 0.9966386390307804, 0.017098899639655704, -3.669244576590558], [-0.07007632388212723, -0.022743322560256834, 0.9972823321958966, -1.333241706900117], [0.0, 0.0, 0.0, 1.0]], [[0.9997476814827658, -0.01792253340880115, -0.013540907135235218, -16.775517405637434], [0.018215821347471, 0.9995951720946141, 0.021855795061636266, -29.301009365630403], [0.013143714180994552, -0.02209693918509147, 0.9996694293896257, -24.72428087244766], [0.0, 0.0, 0.0, 1.0]], [[0.9982507059662061, -0.05911591953825399, -0.0009143823698570511, 4.370269656536422], [0.0590373856685747, 0.9958541462189339, 0.06920337095821652, -18.54366250824524], [-0.003180429435090228, -0.06913629665889867, 0.9976021538433552, -8.296877691852918], [0.0, 0.0, 0.0, 1.0]], [[0.9999687372488708, -0.007907241179444864, -7.863142850150893e-06, -15.510397474758639], [0.00788199177664281, 0.9966952394693518, 0.08084846210513105, -35.779815534743754], [-0.0006314511318064615, -0.08084599653700822, 0.9967264048440809, -17.17453477253249], [0.0, 0.0, 0.0, 1.0]], [[0.9756775834287029, -0.21879617363482773, 0.013471733276996505, 17.76215122468986], [0.2180000153401181, 0.9749052976901003, 0.04511822079256603, -15.831533750170838], [-0.023005358211436667, -0.04108399857045021, 0.9988908141308682, -0.7572783850372445], [0.0, 0.0, 0.0, 1.0]], [[0.9943758830217153, -0.10516065510571335, 0.012563434344200045, -3.6697130819338053], [0.10414359431287891, 0.9924671459824448, 0.06452190255297896, -32.00007894450009], [-0.019253961368464304, -0.06285062261584065, 0.9978372032593411, -21.233279737002615], [0.0, 0.0, 0.0, 1.0]], [[0.9640495200958674, -0.26260195247060425, 0.04060464704383563, 13.144429074483138], [0.2631256466926424, 0.9647280247140887, -0.008045643780005506, -17.495344876301058], [-0.03705963917129982, 0.018440523037112338, 0.999142897815228, -9.703165146548583], [0.0, 0.0, 0.0, 1.0]], [[0.9914988120791366, -0.09733636491592866, 0.08634661377619063, -16.67096857567271], [0.09545865393593135, 0.9951035189827665, 0.025624829694156755, -29.22050866719004], [-0.088418046994952, -0.01716445667848567, 0.9959355553410715, -24.829029638202893], [0.0, 0.0, 0.0, 1.0]], [[0.9433590992259522, -0.33024675107346524, -0.03179140313071639, 31.608950511655276], [0.3298146337925826, 0.9438713461513906, -0.018143573259571243, -11.34909955224964], [0.03599885059086765, 0.006630634945579602, 0.9993298341570491, 1.5518754011201377], [0.0, 0.0, 0.0, 1.0]], [[0.9911972966923862, -0.1322417502844644, 0.00632759918165773, -5.525430939915537], [0.13212062233358776, 0.9910917885324819, 0.01676925334260823, -22.234231585727954], [-0.008488827003055964, -0.015785632238984975, 0.9998393639134874, -20.018441066854958], [0.0, 0.0, 0.0, 1.0]], [[0.9624503054049324, -0.2688440760876161, 0.03758021259318448, 10.565677246253012], [0.2699109954711376, 0.962509406989685, -0.02690159809654705, -4.126708494981242], [-0.02893897285206565, 0.03603476389494585, 0.9989314449156673, -21.12266923857493], [0.0, 0.0, 0.0, 1.0]], [[0.9247891980428075, -0.3746778043707513, 0.06619276467450447, 13.035310854907971], [0.37395268946499677, 0.9271501441549251, 0.023494600132732076, -40.3322174066634], [-0.07017353650228063, 0.003025409958068873, 0.997530210905588, -36.110817634082984], [0.0, 0.0, 0.0, 1.0]], [[0.9893609175169217, -0.12955406040379744, 0.06618701022833422, 0.03240913463855977], [0.12927806760476268, 0.991572341510065, 0.008454158067223279, -11.200340930408476], [-0.06672447921456424, 0.0001923152006345952, 0.9977714201601533, -13.951578514031578], [0.0, 0.0, 0.0, 1.0]], [[0.9617945285912081, -0.2598744300927439, 0.08611948302209432, -6.45896304656655], [0.25990864577184536, 0.9655704176796619, 0.011012009579304618, -39.42256011803817], [-0.08601616490559749, 0.011791907644674738, 0.9962239558899576, -33.396473259632046], [0.0, 0.0, 0.0, 1.0]], [[0.9918188222928453, -0.12653041643573912, 0.01689607830921595, 8.513858547608173], [0.1271784383539219, 0.9908425520251032, -0.04535065505854374, 2.2764946711297807], [-0.011003116080928424, 0.04712845014404562, 0.9988282337937439, -2.3603973260393736], [0.0, 0.0, 0.0, 1.0]], [[0.986959109633087, -0.15979101591944367, 0.019456288024686103, -2.870611576818148], [0.1594808391457298, 0.9870618197220349, 0.016577876595091856, -19.49887223602166], [-0.021853554805599567, -0.0132587811830611, 0.9996732600524536, -20.93055358045406], [0.0, 0.0, 0.0, 1.0]], [[0.9966750717393525, -0.05528335605072201, 0.05985442270314407, -4.521936259851699], [0.05082946020149513, 0.9959962667588133, 0.07353776293941927, -27.77143591743044], [-0.06368019589308888, -0.07025088715652421, 0.9954946737701507, -6.475650270254318], [0.0, 0.0, 0.0, 1.0]], [[0.9903386572304698, -0.13673695663423094, 0.02307268266503763, -8.879492586180104], [0.1346677288511691, 0.9880356191733611, 0.07516793233010327, -50.35653402189956], [-0.03307486660624703, -0.0713345633975808, 0.9969039237879733, -34.262731798277976], [0.0, 0.0, 0.0, 1.0]], [[0.9919641448083308, -0.12301598559566167, 0.02956691905838169, 4.460274823641054], [0.12423581520034988, 0.9912883293191014, -0.04373683090082654, -3.568224331032631], [-0.023929012436400342, 0.04705863835334578, 0.9986054711046528, -8.572620924672004], [0.0, 0.0, 0.0, 1.0]], [[0.9955008905346343, -0.09352976139093115, 0.015171047389889314, -13.829674579001955], [0.09357584325803574, 0.9956093688254961, -0.002355051049638289, -24.434098013930473], [-0.014884169553533267, 0.0037640989697859486, 0.9998821395822861, -35.922770535797284], [0.0, 0.0, 0.0, 1.0]], [[0.9868860492070886, 0.1565310266288553, 0.039420344784628907, -24.327077750649824], [-0.15848075925125904, 0.9859675054575414, 0.05245881364439073, -8.63201502756765], [-0.03065574705608849, -0.05801823751501816, 0.9978447320540821, -2.7837304509675613], [0.0, 0.0, 0.0, 1.0]], [[0.999541543747903, 0.0036228917532166705, 0.030059557172390353, -29.791321332042198], [-0.0042817751627228905, 0.9997513490958965, 0.02188392977481786, -29.987067844927672], [-0.029972799727613346, -0.02200260521569536, 0.999308519247288, -39.708094417152594], [0.0, 0.0, 0.0, 1.0]], [[0.9917242085250839, 0.10016161984125614, 0.08031652467620624, -18.72754961605179], [-0.10596197785953912, 0.9917937799303633, 0.07153430882821221, -13.05333768150262], [-0.07249243735302677, -0.07945280361454325, 0.9941992247655391, 12.841754788768577], [0.0, 0.0, 0.0, 1.0]], [[0.9980444540369782, -0.01841380802741108, 0.059734407504891805, -24.06553536135422], [0.015146784584108834, 0.9983884053348826, 0.05469156250858379, -36.35501822406482], [-0.06064521978518523, -0.05367982644157279, 0.9967149209028671, -7.996452571994109], [0.0, 0.0, 0.0, 1.0]], [[0.9744575927562255, 0.21782552814992537, 0.05463002110516028, -29.53080885192996], [-0.22195068804775592, 0.9712110996231307, 0.08652682846355152, -8.132315030287032], [-0.034209530760766375, -0.09644189574577695, 0.994750556044123, 2.5912384629255256], [0.0, 0.0, 0.0, 1.0]], [[0.9524738650442848, 0.2914422893073382, 0.08862803400107969, -59.34159593995879], [-0.29760377420982403, 0.9523654874366391, 0.0665730569798334, -8.630036856255547], [-0.06500407666959876, -0.08978513430891337, 0.9938375620157763, -15.847549425039247], [0.0, 0.0, 0.0, 1.0]], [[0.9983630961554805, 0.028226977592423822, 0.04974299921437315, -8.769319197726258], [-0.03338555072985814, 0.9937917727591286, 0.1061287774297395, -16.323723248479393], [-0.04643848874918723, -0.10761575224967743, 0.9931074043780106, 5.075862992929103], [0.0, 0.0, 0.0, 1.0]], [[0.9533598687575259, -0.29814263762036564, 0.047073647356073, 4.6812743048886665], [0.2973630211422067, 0.9544888690102976, 0.02293976008203662, -39.139925714818396], [-0.05177059300232454, -0.007871884667154869, 0.9986279783442754, -25.523562268295766], [0.0, 0.0, 0.0, 1.0]], [[0.9919416788801955, 0.12560483235415745, 0.016587097082598104, -17.842341938035467], [-0.1261100426065838, 0.9914305945302895, 0.03408274318604225, -6.3127497372255945], [-0.012163998278079194, -0.03589989301661117, 0.9992813591913376, -5.235616135335249], [0.0, 0.0, 0.0, 1.0]], [[0.9938488177870223, 0.11073305353436645, -0.0016487080665508716, -33.33601422436902], [-0.11059687058455638, 0.9931771429418028, 0.0369796559591353, -18.37376810990466], [0.0057323293900874905, -0.03656984540448946, 0.9993146585569787, -22.400594607434556], [0.0, 0.0, 0.0, 1.0]], [[0.9960447651796521, -0.050487257844661196, 0.07311540571954882, -2.8437915536135483], [0.048423374589870095, 0.9983842996239725, 0.029731583504327145, -13.674315509435921], [-0.07449833925354749, -0.026073493430538754, 0.9968802186766405, 2.6891197860847376], [0.0, 0.0, 0.0, 1.0]], [[0.9943031026186256, 0.10516439173169975, 0.01737212809869784, -28.47348009317168], [-0.10568367434189921, 0.9938745714440056, 0.032315587795847894, -16.36306500783522], [-0.013867267235160994, -0.033967439536964635, 0.9993267293286673, -19.996784449500176], [0.0, 0.0, 0.0, 1.0]], [[0.9954972529002665, 0.08391716752395556, 0.04408093082940836, -15.020498017562225], [-0.0856701536138628, 0.9955399617616689, 0.03950707930686902, -10.288154715554754], [-0.04056900599975113, -0.04310560903569839, 0.9982464937187913, -6.732621297184082], [0.0, 0.0, 0.0, 1.0]], [[0.9999468108216047, -0.0011353383267168622, 0.010251172351707052, -23.563001465613485], [0.0006263470727709431, 0.9987729676400124, 0.049519357840195254, -32.32239421314369], [-0.010294815056374102, -0.04951030315444218, 0.9987205548422993, -25.188451725740272], [0.0, 0.0, 0.0, 1.0]], [[0.998887484173947, -0.02352160087363505, 0.04087209626363786, 0.9849331648798834], [0.021061533914959185, 0.9979994465238434, 0.05961137917587728, -8.187053769233513], [-0.042192484517881775, -0.05868423153149926, 0.997384557339728, 20.430814386070466], [0.0, 0.0, 0.0, 1.0]], [[0.9975236913088213, 0.06955251023000732, 0.01043712596124566, -18.380785066856703], [-0.06943070942565083, 0.9975192018257962, -0.011611140231706842, -4.20227944224964], [-0.011218817507964886, 0.010857730404382378, 0.9998781164843003, -12.737268653478163], [0.0, 0.0, 0.0, 1.0]], [[0.9856794438616572, -0.16138209178002924, -0.04890658852626638, 13.39616369336601], [0.1595689096540099, 0.9864170172947769, -0.03897731472415787, -1.3623418667228986], [0.05453253176229582, 0.03061516689449509, 0.998042541445813, -4.841323938976884], [0.0, 0.0, 0.0, 1.0]], [[0.9616212522257696, -0.27228821602881403, -0.03381855525575706, 8.829340485164924], [0.26986690401591334, 0.9608552570113225, -0.06268196862389785, -23.05075328619751], [0.049562298015797396, 0.05114980435492686, 0.9974604133146557, -25.380772449314797], [0.0, 0.0, 0.0, 1.0]], [[0.9919069441514605, 0.12077724721326538, 0.03915955438587318, -18.009173050482634], [-0.12124347295521688, 0.9925749203047018, 0.009749248580034535, 3.6260082045268858], [-0.037691304167831174, -0.014418187739916948, 0.9991854089469226, -14.041800269481522], [0.0, 0.0, 0.0, 1.0]], [[0.9987792658333087, 0.014471324614140893, 0.04722879318158465, -25.70183832257952], [-0.014389619029157516, 0.9998943223366284, -0.002069546609650374, -17.74095218969753], [-0.04725375123386973, 0.0013874159023045357, 0.9988819540223158, -34.031984391178085], [0.0, 0.0, 0.0, 1.0]], [[0.9943875195313986, -0.09313177060658713, 0.05019894723872456, -4.4888288369570875], [0.0917472770059624, 0.9953535886982421, 0.029217642401820235, -15.53989237662903], [-0.052686793052769756, -0.024448042236782454, 0.9983117724782183, -11.993553628289593], [0.0, 0.0, 0.0, 1.0]], [[0.9695847399951257, -0.24473044156509205, 0.003527455164604686, 2.092400224188322], [0.24472622944285508, 0.9695909215609528, 0.0015866471768870196, -33.62301680877329], [-0.0038084893680215702, -0.0006751280885035848, 0.9999925197774217, -42.88153115722002], [0.0, 0.0, 0.0, 1.0]], [[0.9979480485342954, -0.0319579366225696, 0.055483175048147156, -9.231223634775812], [0.031002998259253657, 0.9993574203685249, 0.017987786225852523, -10.034626222667828], [-0.05602237522215767, -0.01623073138210602, 0.9982975792985146, -4.874548157978436], [0.0, 0.0, 0.0, 1.0]], [[0.9936795653829953, -0.10378138412761846, 0.04278253906466204, -19.080779560161275], [0.10325026016363203, 0.9945504614447668, 0.014448647554231949, -31.1623176381724], [-0.04404889461048863, -0.009940017533174141, 0.9989799251912098, -31.529661513498066], [0.0, 0.0, 0.0, 1.0]], [[0.9747011219906259, -0.21883609089747078, 0.04548063446052732, 11.487440477795245], [0.22083478311419943, 0.9742786915057823, -0.044866801141692995, -4.8587935242124525], [-0.034492337658133, 0.05377542745992517, 0.9979571544131449, -4.396629574613615], [0.0, 0.0, 0.0, 1.0]], [[0.9683978389486102, -0.24889492546553324, 0.016029397904032093, 8.250824400126362], [0.2490777725868209, 0.9684252470804496, -0.010620923705363362, -28.65473925216443], [-0.012879779611741615, 0.014277846289756134, 0.9998151100991003, -22.55597733438511], [0.0, 0.0, 0.0, 1.0]], [[0.9928774393558885, 0.013508999468189453, 0.11837186047140681, -20.3814384230317], [-0.008933261909549827, 0.9991953184364526, -0.03910131003342739, -2.7740286524446454], [-0.11880482839408973, 0.037765361749138374, 0.9921991686159616, -8.745566344254781], [0.0, 0.0, 0.0, 1.0]], [[0.9966811995353133, -0.03263971548084265, 0.07457369151502481, -30.90108695211345], [0.03356523110398499, 0.99937387210581, -0.011191023776929411, -24.999232773642078], [-0.07416172701457621, 0.013656966191997303, 0.9971527092279527, -43.829203804269255], [0.0, 0.0, 0.0, 1.0]], [[0.9851899166983941, -0.15285541467211428, 0.07769202173471713, 0.07858628600441704], [0.1564410015384803, 0.9867793483306122, -0.04234065122138789, -2.16506052176166], [-0.07019288477793934, 0.05386780034148339, 0.9960779181434157, -7.379256280638003], [0.0, 0.0, 0.0, 1.0]], [[0.9933601382805824, -0.08353584354894711, 0.07910371999941793, -20.089776317044944], [0.08056111055824833, 0.9959433720837493, 0.04008375067371529, -27.523551224283008], [-0.08213125556572351, -0.03344491657960443, 0.9960601861404663, -14.580431239678985], [0.0, 0.0, 0.0, 1.0]], [[0.994300883434639, -0.08631893054995864, 0.06256832609083238, -9.350339057625682], [0.0856320506546482, 0.9962342397944195, 0.013582759731100845, -14.257015545350718], [-0.06350515807221539, -0.008147495930927296, 0.9979482517687367, -6.787848130358078], [0.0, 0.0, 0.0, 1.0]], [[0.9764879635830582, -0.21262228031326894, 0.035539033354847524, -9.195839781605812], [0.21161002000255077, 0.9768873912378919, 0.030203050755564266, -43.69023556374096], [-0.04113947510519894, -0.021972499967206117, 0.9989117843099352, -30.362160850521445], [0.0, 0.0, 0.0, 1.0]], [[0.9908108663757035, 0.09896673030414795, 0.09219226304162167, -16.11911158660613], [-0.10361769684168162, 0.9935015263902788, 0.04709660244022024, -12.011634176656768], [-0.08693215730128226, -0.05621657543014194, 0.9946268127664027, -8.157975076204814], [0.0, 0.0, 0.0, 1.0]], [[0.9916565793381297, -0.12890440174833462, -0.0009401411065548832, -5.496846487751153], [0.1288960757089464, 0.991638271923485, -0.006272106778105062, -33.37953110158122], [0.0017407820742016266, 0.006098595453571573, 0.9999798882033876, -50.084834562426], [0.0, 0.0, 0.0, 1.0]], [[0.9974823642545669, -0.06166199622093281, 0.035024723027755535, -1.0900428555379928], [0.059558521792247236, 0.9965255084406042, 0.05822107444144249, -14.010505780752728], [-0.03849305759541233, -0.0559884742535752, 0.9976891175449967, -0.02695641266524058], [0.0, 0.0, 0.0, 1.0]], [[0.9958038352985699, -0.0818115469448392, 0.04100722364597458, -11.679202664126734], [0.07844071457072925, 0.9938638246881998, 0.07798559016753553, -37.26686508939112], [-0.047135717903645, -0.07444171386150246, 0.9961107645915043, -10.954186255985443], [0.0, 0.0, 0.0, 1.0]], [[0.9986931964017332, 0.0071524657975368935, 0.05060377153836377, -14.891907456025656], [-0.007233398664078932, 0.9999728355267524, 0.0014163870780184962, -9.44712504670636], [-0.050592266253433965, -0.0017805733917313571, 0.9987178040636612, -10.148265190331246], [0.0, 0.0, 0.0, 1.0]], [[0.9940416451661716, -0.10803038760093107, 0.01451354643506323, -13.038471206236597], [0.10731677407256822, 0.9932842368005871, 0.04323811890141061, -40.23339428216865], [-0.01908710763807622, -0.04142294386288543, 0.998959369566023, -47.970159559224335], [0.0, 0.0, 0.0, 1.0]], [[0.9832945105732805, -0.17624367174591182, 0.04549806200237846, 5.7598499339554], [0.17856185796856672, 0.982488107813743, -0.05322387512556867, -6.159320015770396], [-0.035320933669233036, 0.060458962727523186, 0.9975455605989355, -8.694817520481672], [0.0, 0.0, 0.0, 1.0]], [[0.9845733207761658, -0.1637396043560526, 0.061682396039005015, -10.474559934721638], [0.16620491625256673, 0.9853899282940515, -0.03718353170582114, -24.93417062874043], [-0.0546927950398087, 0.04686183075770678, 0.9974029611890906, -26.924932302671422], [0.0, 0.0, 0.0, 1.0]], [[0.9996132819470942, -0.016911305566738456, -0.022074743463688023, 5.498463984646842], [0.017736723371551567, 0.9991298765077244, 0.03774782793355227, -5.328952059560156], [0.021417170658149326, -0.038124763785345746, 0.9990434460959704, -2.4539818830322644], [0.0, 0.0, 0.0, 1.0]], [[0.9734264984151391, -0.22830089137524945, -0.017876106413440434, 9.382249883090456], [0.22766532344358573, 0.9732160626297766, -0.03192171581726965, -23.343511032541418], [0.0246850700741495, 0.02700367450288013, 0.999330500324479, -13.051443807002963], [0.0, 0.0, 0.0, 1.0]], [[0.997678866020438, -0.06349007012612123, 0.024614859161724807, 3.1028748285019128], [0.06252478720142343, 0.9973128458569092, 0.03818034146271556, -13.328825224665808], [-0.026972787797853844, -0.036552680943715346, 0.9989676522461766, -4.818736826086006], [0.0, 0.0, 0.0, 1.0]], [[0.9703867161694472, -0.2354969510884154, 0.053766226480381575, -1.0356154618300277], [0.23457702189835547, 0.9718274486632708, 0.022913551054757966, -33.7561021302449], [-0.057647566116684965, -0.009622684277327131, 0.9982906200441445, -20.67910158753009], [0.0, 0.0, 0.0, 1.0]], [[0.9854309481166458, -0.16991245024255217, 0.007456926075559902, 11.