[[[0.9963001337933798, 0.048675362353107404, 0.07082903714639503, -27.32792213339534], [-0.03117574537191283, 0.9727054599764086, -0.22993947254133304, 27.199304680645305], [-0.0800881783024021, 0.2268805792302956, 0.9706240706186537, -17.220952520374865], [0.0, 0.0, 0.0, 1.0]], [[0.9849138372146772, -0.13081461741304892, 0.11327960599391389, -34.437899341777246], [0.15308045086165722, 0.9639008066591056, -0.21785685778950886, 0.7528966122801068], [-0.0806914420930157, 0.23191112692797702, 0.969384402793828, -32.532855582914685], [0.0, 0.0, 0.0, 1.0]], [[0.9536218080775555, 0.300871797375265, 0.00903375354282036, -25.88130037205981], [-0.29015324465476655, 0.926807361628642, -0.2384097503192079, 44.77246409937785], [-0.08010331937695299, 0.2247315642608608, 0.9711226401694385, 10.563825738926678], [0.0, 0.0, 0.0, 1.0]], [[0.9787947106683462, 0.19834303093006891, 0.051195277605908966, -44.6291816640188], [-0.18689359160891594, 0.9669945023595334, -0.17318319151107323, 21.17718069605976], [-0.08385523110213285, 0.1599427225225177, 0.9835581455759984, -6.0451781602429575], [0.0, 0.0, 0.0, 1.0]], [[0.9998591849447693, 0.0131211735773797, 0.010461600524722304, -4.894633467472157], [-0.012887740302212953, 0.999673204059066, -0.022076939013110846, 5.89072818537505], [-0.010747857064983393, 0.02193900385701622, 0.999701537299147, 12.168269643664555], [0.0, 0.0, 0.0, 1.0]], [[0.9970916587904669, 0.0039055524208578283, 0.0761115669971681, -34.017882892090746], [-0.0023518167617906107, 0.9997872329502913, -0.020492871627051937, -9.998108846594699], [-0.07617540894800269, 0.02025427090496722, 0.9968886956835838, 4.315653799336859], [0.0, 0.0, 0.0, 1.0]], [[0.9840706659012062, 0.16985199723325453, 0.05249022336237268, -21.538319488121644], [-0.16721249174783015, 0.9845920181910182, -0.05117167495811556, 17.229388990806104], [-0.06037306614906276, 0.04157952321049043, 0.9973094986679665, 11.875243581102112], [0.0, 0.0, 0.0, 1.0]], [[0.9982586343451646, 0.043159136732898146, 0.040211787721959213, -28.57985316120344], [-0.041283775147633116, 0.9980715669718344, -0.0463551195871925, -7.068823337421676], [-0.0421348889269282, 0.04461430397141998, 0.9981153315204907, -11.275048271228187], [0.0, 0.0, 0.0, 1.0]], [[0.9874932253541, 0.1547782742078364, -0.030013592137645328, -2.57454502969143], [-0.15621949549478678, 0.9862561925177269, -0.05379769463270711, 16.596154763206588], [0.02127437677384346, 0.05781356721119606, 0.9981006924850842, 15.699651556733059], [0.0, 0.0, 0.0, 1.0]], [[0.9787595608265599, -0.1644434795972029, 0.12242574936902008, -22.758150777456425], [0.16010691939702792, 0.9860950773513556, 0.044522722116010924, -27.567024202225433], [-0.12804490013973757, -0.02397583035872339, 0.9914785237748813, 5.267425170972578], [0.0, 0.0, 0.0, 1.0]], [[0.9363610641205797, 0.3433633395364022, 0.07300393593078389, -32.84978304761457], [-0.3432918872186618, 0.9391256237108282, -0.013919161598240887, 26.689415374193995], [-0.07333919667426163, -0.012028297974273915, 0.9972345171919285, 14.638001037608412], [0.0, 0.0, 0.0, 1.0]], [[0.8533427241519915, 0.5126247892001706, 0.09498431783373387, -66.25699597765654], [-0.5091879560387311, 0.8586098092921993, -0.05930278924565841, 44.99335486355082], [-0.11195454685700965, 0.0022407330712094476, 0.9937108022726476, 3.382832064168473], [0.0, 0.0, 0.0, 1.0]], [[0.8705810132012523, 0.47541256691079414, 0.12677377755976674, -55.94430852583531], [-0.4685490268320483, 0.8796894914241394, -0.08129088591398821, 51.22690861266746], [-0.15016826864628977, 0.01137057171957596, 0.9885950643162982, 12.835373985319016], [0.0, 0.0, 0.0, 1.0]], [[0.9178566067500384, 0.3823547944434157, 0.10650850018397204, -68.34910495050474], [-0.3771372217930047, 0.9237851262319464, -0.06624618095316531, 29.50276450810155], [-0.1237205131882349, 0.020636175003098483, 0.9921025062450362, -7.742284204206137], [0.0, 0.0, 0.0, 1.0]], [[0.9551136740192749, 0.2713561286445501, 0.11884326294933927, -43.52886949046492], [-0.2571258655276315, 0.9586035605051962, -0.12233357292021851, 31.776240301495843], [-0.14711953975617795, 0.08628479143975798, 0.9853480480460323, 23.028063828374783], [0.0, 0.0, 0.0, 1.0]], [[0.991050245974034, 0.07590782362953545, 0.10980624875951585, -45.54340030160012], [-0.06377356496978605, 0.9918739323167904, -0.1100864878242343, -1.1786895602391625], [-0.11727038145181334, 0.10209850489727121, 0.9878378171197382, 6.448748647724136], [0.0, 0.0, 0.0, 1.0]], [[0.9456580353508368, 0.32481490599878704, 0.015038517792453627, -17.8478226513624], [-0.32369198378935976, 0.9447670678443298, -0.05136815304579064, 25.278708357337035], [-0.030893038162400962, 0.04370885903139258, 0.9985665505289405, 2.4717700875796567], [0.0, 0.0, 0.0, 1.0]], [[0.9401607797101972, 0.3229475274803775, 0.10863978455898037, -62.21755040267445], [-0.3163807362855212, 0.9457784522090865, -0.07352787936839589, 24.013258267897122], [-0.12649481413142008, 0.03475649336875779, 0.99135818358783, -4.341843108761446], [0.0, 0.0, 0.0, 1.0]], [[0.983894648732305, 0.17547909919022087, 0.03403536312898151, -18.32953942066394], [-0.1764033769716651, 0.9839650424339255, 0.026356097226191325, 6.8492999979415865], [-0.028864663326040423, -0.031935576014727275, 0.9990730454754954, 15.445394352108455], [0.0, 0.0, 0.0, 1.0]], [[0.971608578177922, 0.23576082999132916, 0.01983940152512519, -37.88606178672903], [-0.2355365772497032, 0.971778509943168, -0.013001861025571331, 3.083267445993505], [-0.022344833599071034, 0.007959814974811788, 0.9997186352954492, 2.651057206690031], [0.0, 0.0, 0.0, 1.0]], [[0.9258221869068944, 0.3590680009218057, 0.11799766499788422, -39.39149823861131], [-0.36542797209802996, 0.9301097739854363, 0.03685384030306492, 26.251181000031668], [-0.0965177467580783, -0.07723975045778052, 0.9923297564368229, 15.440649543722564], [0.0, 0.0, 0.0, 1.0]], [[0.9446753929310798, 0.3118733147152871, 0.10160431860411093, -56.06714224160231], [-0.31874620021018535, 0.9459373914664304, 0.060027587634750704, 5.102556639319448], [-0.07739032137208489, -0.08909257541556855, 0.9930122109842079, 3.0691598227839783], [0.0, 0.0, 0.0, 1.0]], [[0.9364967202216998, 0.32613796987985233, 0.12887170991590016, -44.850821577821826], [-0.3264355500523437, 0.9450201905277766, -0.019408017850049315, 27.05909709628996], [-0.12811605939937157, -0.02389276245000757, 0.9914713365632343, 9.152565379741942], [0.0, 0.0, 0.0, 1.0]], [[0.9195422688191548, 0.37617475785257715, 0.11373023964396317, -67.83856921635922], [-0.37655398016527597, 0.9262006912080868, -0.018957310657046963, 24.991484333860036], [-0.1124682883154507, -0.025393525950794468, 0.9933307872824501, -0.5191924337170148], [0.0, 0.0, 0.0, 1.0]], [[0.9205515494848916, 0.3825085140309552, 0.07919647362602716, -39.33659946243021], [-0.3840968408245342, 0.923277625611642, 0.005295556018302421, 29.495758024027467], [-0.07109473686272486, -0.035293947622232945, 0.9968449606893056, -3.586648913766575], [0.0, 0.0, 0.0, 1.0]], [[0.9446993624672045, 0.3205634355448167, 0.06915344059237669, -53.86746441723358], [-0.32143031638460257, 0.9469320586729242, 0.0014926373809038879, 12.139660380422749], [-0.06500512489760986, -0.023638105870826015, 0.9976049186365745, -27.60487198667003], [0.0, 0.0, 0.0, 1.0]], [[0.9965096974762832, 0.07437117370949778, 0.037912416921062224, -15.09086744416738], [-0.07174030400869989, 0.9951987253436857, -0.06657947022199788, 12.808821566271385], [-0.04268198233990607, 0.06362723941343279, 0.9970605913324228, 7.149062361354776], [0.0, 0.0, 0.0, 1.0]], [[0.9955745394112386, -0.08834043484342027, 0.03205158416945517, -14.91888878743655], [0.09073739603747762, 0.9923909544271945, -0.08322811142526786, -8.58107078941807], [-0.024455294650324432, 0.08576806598469094, 0.9960149483922456, -1.4731776369478704], [0.0, 0.0, 0.0, 1.0]], [[0.9700488918882101, 0.2372224286767004, 0.052255781299151115, -25.13238130426338], [-0.23561566292020494, 0.9712119962769823, -0.03510723108356101, 17.23298755043111], [-0.059079664294318296, 0.021743450057658854, 0.9980164405692231, -6.99284135767094], [0.0, 0.0, 0.0, 1.0]], [[0.990441430341803, 0.0786562795741526, 0.11330914678891388, -51.39215328595506], [-0.07317631651595943, 0.9959758722395343, -0.05174252233753058, -4.154633804730326], [-0.11692305060865887, 0.04295639184389767, 0.9922115442969377, -17.80376582428399], [0.0, 0.0, 0.0, 1.0]], [[0.9245111023766553, 0.37633718875435823, 0.06041143884040661, -35.904852430806216], [-0.37208197439629775, 0.9254721905353651, -0.07110716472357864, 32.044462456013896], [-0.08266937710938888, 0.04326135580561446, 0.9956375993212618, 15.32807308014453], [0.0, 0.0, 0.0, 1.0]], [[0.9260192609271312, 0.3770599305348362, 0.017723915397900452, -46.415945025044635], [-0.37587735492490043, 0.9253969264413243, -0.048546293242721854, 20.719632252153797], [-0.034706518791547694, 0.0382927841507016, 0.9986636672250364, 0.39684370136952946], [0.0, 0.0, 0.0, 1.0]], [[0.9926447781380121, -0.0788527587377232, 0.09186178136084262, -9.290440724068013], [0.07929892733452107, 0.9968501455153342, -0.0012114081277818799, 0.18006627521687862], [-0.09147690724402087, 0.008487038677189744, 0.9957710307171821, 8.664933744732103], [0.0, 0.0, 0.0, 1.0]], [[0.9956966164784156, -0.02424108284899931, 0.08944617284009433, -33.17169921012917], [0.02657919162270463, 0.9993330038914512, -0.025041843102564305, -11.401286671479134], [-0.08877947119754445, 0.027311485415441046, 0.9956767990961146, -6.838389810397593], [0.0, 0.0, 0.0, 1.0]], [[0.9967311144751692, 0.0590777425636724, 0.05510812799094803, -15.419420739303817], [-0.05762210788113916, 0.9979557536917759, -0.027640664912666743, -0.07572630153019423], [-0.05662842148974865, 0.024374864247014953, 0.9980977346294885, 21.678356706901155], [0.0, 0.0, 0.0, 1.0]], [[0.9890301101142935, 0.10041167076458743, 0.1083371481144569, -46.87714518632578], [-0.10234858169524846, 0.9946706249679963, 0.01245454337763058, -12.770941038921343], [-0.10650919731309925, -0.023406071862623928, 0.9940361898279556, 19.386996557611162], [0.0, 0.0, 0.0, 1.0]], [[0.8879399798168511, 0.4566978955213229, 0.054677458511181276, -32.435244015113945], [-0.45568764109434234, 0.8896193526634686, -0.030433223958430677, 36.64520353859732], [-0.06254091458174528, 0.0021070341774167087, 0.9980401767515439, 22.260677559981872], [0.0, 0.0, 0.0, 1.0]], [[0.9546643501107039, 0.29564007697205646, 0.034827051492557874, -42.05244669568424], [-0.2940076159079807, 0.9547290852568698, -0.045297853731578894, 14.521795918700365], [-0.04664225997755661, 0.03300482771563603, 0.9983662559059421, 3.8413362208638415], [0.0, 0.0, 0.0, 1.0]], [[0.9897800821996501, 0.13616813961524518, 0.0423512294340475, -19.863650979864783], [-0.13666292819848408, 0.9905767022371873, 0.00900227977304967, 3.675862103428053], [-0.0407263174994772, -0.014698120241016127, 0.9990622264525422, 27.899311988719738], [0.0, 0.0, 0.0, 1.0]], [[0.9182111294168849, 0.3957999992308448, 0.015188233071518219, -45.217961296645676], [-0.39607279761188957, 0.9178636355778929, 0.025547709792203617, 14.694056131485485], [-0.0038289433089240504, -0.029473837425731716, 0.9995582184648089, 13.304713891505314], [0.0, 0.0, 0.0, 1.0]], [[0.978176429862573, 0.1651269977142435, 0.12611085079085682, -37.70131709108736], [-0.15710545564663947, 0.985013932323109, -0.07117182683779083, 14.584973749300726], [-0.13597333513367704, 0.04980590080750453, 0.9894597639001698, 10.100454245155161], [0.0, 0.0, 0.0, 1.0]], [[0.9573710531877738, 0.24612047565578066, 0.1512130218635531, -70.92814752822775], [-0.2389227838792453, 0.9689044854906553, -0.06434284217751396, 10.078664116839224], [-0.16234706606996752, 0.025471738438148015, 0.98640489692591, 4.305699979753024], [0.0, 0.0, 0.0, 1.0]], [[0.9706846243850265, 0.23110823457096133, 0.06603290010284531, -24.745556023206504], [-0.23117884199326136, 0.9728883738110539, -0.006674962017501322, 13.744131000794644], [-0.06578527948677804, -0.008786126380489903, 0.9977951197445647, 6.098654561625059], [0.0, 0.0, 0.0, 1.0]], [[0.9822720389153707, 0.17701012399014282, 0.06171756289775026, -42.22235522573926], [-0.17658763933353205, 0.9842083454713592, -0.012277554281807096, -4.831199451733926], [-0.06291619187183764, 0.0011613395397522851, 0.9980181381572291, -9.730801678784182], [0.0, 0.0, 0.0, 1.0]], [[0.9898679008761376, -0.12655312687753403, 0.06438823566919477, -5.443025800244702], [0.1251797849878123, 0.9918202970111573, 0.024950348035754986, -14.07264163809619], [-0.06701910358605266, -0.016637443139467415, 0.9976129686608451, 21.9428393642978], [0.0, 0.0, 0.0, 1.0]], [[0.9971028499663154, -0.07061218363774968, 0.02828119712744108, -19.08257307610062], [0.07030465133623175, 0.9974566448614409, 0.011725938011416175, -27.320680451330283], [-0.02903726208758939, -0.009703666506295422, 0.9995312282599239, 11.49608209499059], [0.0, 0.0, 0.0, 1.0]], [[0.8155105808505213, 0.5753424921259183, 0.06263792202159157, -46.30705680393543], [-0.5733389966868244, 0.817905931838805, -0.0480861886724678, 46.35837008810438], [-0.07889795560717094, 0.0033020322887650825, 0.9968772287417205, 17.18375529372103], [0.0, 0.0, 0.0, 1.0]], [[0.8448195055506996, 0.5340067331687004, 0.03341873683374864, -60.795485795412986], [-0.5344099602611239, 0.8452166539597764, 0.0038473682883726963, 29.84717333347831], [-0.026191552355212575, -0.021109637598355012, 0.9994340327333715, 6.897199244600636], [0.0, 0.0, 0.0, 1.0]], [[0.9835101675062621, 0.1807956067941145, -0.004549612703649749, -8.550514247090293], [-0.18083077234195383, 0.983471925732276, -0.009121571720871424, 11.699656635261254], [0.0028252762728034606, 0.009793868510172384, 0.9999480476272697, 10.886715654424016], [0.0, 0.0, 0.0, 1.0]], [[0.9975716857833831, 0.05777001383748935, 0.03890189229992928, -28.869379808728514], [-0.05704277665428219, 0.9981802554297319, -0.019552475592770402, -5.0062716814617145], [-0.039960647578194806, 0.01728592408442462, 0.999051722121372, -15.454280412525614], [0.0, 0.0, 0.0, 1.0]], [[0.8829327999920548, 0.46531424967652285, 0.06254853912093708, -41.39355863556012], [-0.46002002370571254, 0.8840302942647377, -0.08289762730015021, 45.790510124811085], [-0.09386825069204492, 0.044419453735648276, 0.9945932151597655, 9.440615917686708], [0.0, 0.0, 0.0, 1.0]], [[0.8905308169546758, 0.44072150095852014, 0.11278041783442198, -75.88162427263319], [-0.42683310431556637, 0.8952248129104001, -0.12800795057290246, 43.40644171926985], [-0.15737968456689078, 0.06585660895010755, 0.9853398103919366, 3.1441772626674984], [0.0, 0.0, 0.0, 1.0]], [[0.9118768311527081, 0.410222354049416, -0.014080662095609806, -24.258525761416877], [-0.40994346607148097, 0.9084575668166894, -0.08155491351721662, 34.62662401207229], [-0.020663964580783466, 0.08014031152706823, 0.996569380944522, 2.2697985622782713], [0.0, 0.0, 0.0, 1.0]], [[0.8876110955730838, 0.4605904609545755, 0.001723453857301585, -52.48047967093705], [-0.45834957899436396, 0.8836492076631521, -0.09528767618097247, 34.57565863206339], [-0.04541152333093302, 0.08378845429969602, 0.9954482851835296, -13.25488573010602], [0.0, 0.0, 0.0, 1.0]], [[0.9897279796817988, 0.1074866501311076, 0.09426105388005822, -26.330898127964044], [-0.10502904675679962, 0.9939960580410291, -0.03067141888231566, 11.479729009974388], [-0.09699188405399903, 0.020456212809054596, 0.995074930738971, -4.649341383182527], [0.0, 0.0, 0.0, 1.0]], [[0.9867475164383057, 0.1387126552337931, 0.08419108076764784, -43.811885150425034], [-0.13946400002936613, 0.9902223491459631, 0.003080900462176294, -4.117763529771056], [-0.08294052989125825, -0.014781695770097695, 0.9964448654950842, -16.645442975763594], [0.0, 0.0, 0.0, 1.0]], [[0.9674042412473266, 0.25240128246958143, 0.02055788472562038, -19.773034215423618], [-0.2527979998101318, 0.9673179229043728, 0.019728337992940957, 10.68737893333344], [-0.014906552541683027, -0.024282269986095985, 0.9995940006100693, 23.799922401732093], [0.0, 0.0, 0.0, 1.0]], [[0.9895772919328665, 0.1438856105339518, 0.005806407846971569, -29.65065001609381], [-0.14399819648265072, 0.9890610534588912, 0.031980493125189864, -12.622961870016816], [-0.0011413590834428817, -0.03248328203950965, 0.9994716272548126, 8.084885984711375], [0.0, 0.0, 0.0, 1.0]], [[0.9762926674525908, 0.20845211852805898, 0.05831244943803897, -21.591037945703967], [-0.20466031500980078, 0.9766809889507566, -0.06487219190266645, 20.718599746072485], [-0.0704754066209547, 0.0514000010051686, 0.9961883641953833, 12.77573455443991], [0.0, 0.0, 0.0, 1.0]], [[0.9977822928897397, 0.045235972719101965, 0.048828298842526305, -28.241774506906093], [-0.042672876159994926, 0.9977184054799711, -0.052316431517647824, -5.252258973371029], [-0.05108347713235781, 0.050116765045877185, 0.9974361073399176, -15.602894368964078], [0.0, 0.0, 0.0, 1.0]], [[0.9965190964708908, -0.07863425732896559, 0.027682917894707306, 0.45979899796066825], [0.07865371079356738, 0.9969019229046537, 0.0003871529503300896, 4.27088438155797], [-0.02762759756556726, 0.001791558909753397, 0.9996166796174587, 22.300726989870203], [0.0, 0.0, 0.0, 1.0]], [[0.9141680940623876, 0.40518593767975747, -0.011002349972410641, -32.24220648500467], [-0.40402703606636253, 0.913060878152857, 0.05551564567004607, 14.260985983331938], [0.03253997427426915, -0.04630538514371101, 0.998397196200451, 8.616909629478156], [0.0, 0.0, 0.0, 1.0]], [[0.9940310850816898, 0.07986848529592062, 0.07431841594014467, -27.469325042119856], [-0.0762143081030705, 0.9957978401567057, -0.05077441067714835, 9.493805599781428], [-0.07806139334964066, 0.0448072158895948, 0.9959411289190422, 3.6246118933578844], [0.0, 0.0, 0.0, 1.0]], [[0.9961617194611239, -0.05485789601602835, 0.06820879653644718, -31.199415184304456], [0.05793164200077929, 0.997353434331633, -0.043932355752793056, -14.405054869522042], [-0.06561824087362736, 0.04771517862893365, 0.9967033200471745, -17.92961240500348], [0.0, 0.0, 0.0, 1.0]], [[0.9103288481883058, 0.3919343576181462, 0.13299942659500189, -55.45389346611603], [-0.37420130726612977, 0.9166970802673251, -0.14014223014379903, 39.582831294837725], [-0.17684674098345113, 0.07780695565184977, 0.9811581462005596, 29.44406403866048], [0.0, 0.0, 0.0, 1.0]], [[0.9241797347945501, 0.38009647165699606, 0.03766284679861278, -57.99076865078732], [-0.3730402240383481, 0.9193866992514693, -0.12477615352664992, 27.344464806373722], [-0.08205369610500174, 0.10126583566726698, 0.9914698288309723, 9.178124779472208], [0.0, 0.0, 0.0, 1.0]], [[0.9927780413237448, 0.10229634516328108, 0.0626675229414997, -20.48175035352966], [-0.09807118069939642, 0.9929111785916747, -0.06715232642223207, 13.395305048024582], [-0.06909272162547123, 0.060521477129416835, 0.9957727384420896, 10.836303736218902], [0.0, 0.0, 0.0, 1.0]], [[0.9998632404879814, -0.009184866396188977, -0.013752765182244877, -12.245981240317015], [0.008149708946883577, 0.9972604114494971, -0.07352043253181668, -6.286873033955243], [0.014390363614408588, 0.07339829687989001, 0.9971988805901155, -18.728286430750533], [0.0, 0.0, 0.0, 1.0]], [[0.9896266773754244, 0.12883070756025922, 0.06357427322747303, -18.97296877520263], [-0.12654738318706138, 0.9912038262316565, -0.03873931687873265, 13.009562820559315], [-0.06800587647685606, 0.030292303531537893, 0.9972249380713294, 7.504195710619477], [0.0, 0.0, 0.0, 1.0]], [[0.9933729984213983, 0.11019050747553762, 0.03268238163845286, -28.465412332143273], [-0.10803712354583522, 0.9922355446325961, -0.06161658789313991, 0.09960061359123983], [-0.03921818383377686, 0.05767734416505845, 0.9975646635816862, -0.39769602808512095], [0.0, 0.0, 0.0, 1.0]], [[0.9965707560326572, -0.07196933358865548, 0.0408306654771348, -1.3999021663217928], [0.07440251477764849, 0.9953249369877291, -0.06158356603133968, 4.670705202233183], [-0.036207651335907705, 0.06441028515058295, 0.9972664243578853, 16.04642520511209], [0.0, 0.0, 0.0, 1.0]], [[0.9776718721138926, 0.20899197948360626, -0.021910339770094434, -20.983011347623854], [-0.2101355367786352, 0.9727689555205228, -0.09779373885001436, 14.996461083737756], [0.0008755912698871955, 0.10021432875110164, 0.9949654876692419, -1.5485157894198185], [0.0, 0.0, 0.0, 1.0]], [[0.8654840019792853, 0.49979455387417143, 0.033806008868785084, -31.549780597319636], [-0.49669194260206595, 0.8649606868094615, -0.0716946610863562, 44.56766994925578], [-0.06507346980224654, 0.045259409980908695, 0.9968535646403015, 13.989684641732843], [0.0, 0.0, 0.0, 1.0]], [[0.962103746150714, 0.2716377664772113, -0.023860122925703876, -27.579304709248927], [-0.27254810368950616, 0.9606958183134866, -0.05273590665029529, 11.913946769998795], [0.008597256423532568, 0.0572404446021026, 0.9983234038545505, -2.8304174116980567], [0.0, 0.0, 0.0, 1.0]], [[0.9979097844773349, 0.0570817143810618, 0.030294222678854715, -12.587924707264543], [-0.05660882417769715, 0.9982642607651838, -0.016245205574539304, 5.887251507862563], [-0.031168943992630267, 0.014496329268451229, 0.9994090020447696, -17.39412869451366], [0.0, 0.0, 0.0, 1.0]], [[0.9576019723713066, 0.28329612877746, 0.05236187477816771, -49.89205870907023], [-0.28193529390262195, 0.9589022250720676, -0.03192197994926407, 13.513267017805532], [-0.05925329157626822, 0.01580589040653761, 0.9981178393685962, -32.40129432081213], [0.0, 0.0, 0.0, 1.0]], [[0.9939061869817483, -0.09729406900948166, 0.05181076736530368, 1.0697064969495556], [0.10106487165066508, 0.9919756283880229, -0.07596212478874577, 2.1559796689885973], [-0.04400435430315973, 0.08073547435771095, 0.9957637269867776, 21.205709588442847], [0.0, 0.0, 0.0, 1.0]], [[0.9985378167580984, 0.0010886612681555209, 0.054046677239335886, -22.26887910121081], [0.0019436946531974566, 0.9984276434938025, -0.05602198459985987, -10.306319924397311], [-0.05402268555953933, 0.05604512043037305, 0.9969656433001486, 12.627826078243679], [0.0, 0.0, 0.0, 1.0]], [[0.9817077627868366, 0.15993527398705093, 0.10329848313867786, -37.13130632153623], [-0.15081624710959013, 0.9843825136424225, -0.09080488116178424, 14.759265428704872], [-0.11620812403547265, 0.073564767176371, 0.9904967929975562, 14.906296149096303], [0.0, 0.0, 0.0, 1.0]], [[0.9925338407448124, 0.10434369803949162, 0.06315827464234092, -40.65408371454199], [-0.09743429814185586, 0.989788392836616, -0.1040456387914165, 1.489161801813983], [-0.0733698338689536, 0.09711503532076486, 0.9925651300507633, -6.207465509036024], [0.0, 0.0, 0.0, 1.0]], [[0.9999964840838907, -0.0025260135133794025, -0.0008068925487910571, 1.2083736156368114], [0.002531109566623426, 0.9999764548994936, 0.006378332932788703, -0.03421537056726663], [0.0007907617952438413, -0.006380352840554676, 0.9999793326831361, 19.161468428603413], [0.0, 0.0, 0.0, 1.0]], [[0.9961945739862095, -0.06653546104827084, 0.056297452726811414, -19.363675950190743], [0.06436557865175932, 0.9971436154299494, 0.0395181286514339, -24.145123904140238], [-0.058766002461097526, -0.035744127215266194, 0.9976316526275416, 18.616708736084778], [0.0, 0.0, 0.0, 1.0]], [[0.9785774074111077, 0.20411072166507074, 0.026927142550155336, -19.978656620799715], [-0.20440900064246492, 0.9788459771979171, 0.008804168319722912, 13.454813043110898], [-0.024560500013255004, -0.014119710507559915, 0.9995986272571008, 17.396217942978538], [0.0, 0.0, 0.0, 1.0]], [[0.9796775249871387, 0.1986341920579403, 0.027864040994857897, -38.31899985550266], [-0.19890526100272812, 0.9799915963852517, 0.007291649999913097, 1.1794964139777566], [-0.02585815500979289, -0.012685769971660259, 0.999585127470249, 1.3567077998570352], [0.0, 0.0, 0.0, 1.0]], [[0.9597477707570063, 0.27910218996825453, 0.031403567980086644, -20.578592690904518], [-0.2791681322432747, 0.9602393525482321, -0.0023536689549854034, 21.707099993577017], [-0.03081185594469961, -0.006507946886128295, 0.9995040150797629, 4.4914420236633354], [0.0, 0.0, 0.0, 1.0]], [[0.9070866388078529, 0.39528733319083237, 0.1447126598302706, -71.17118398541774], [-0.3988623934528454, 0.9169989173425225, -0.004666549229354999, 28.29170776311954], [-0.13454598019019046, -0.05348747340754223, 0.9894627175407568, -1.5149347700897597], [0.0, 0.0, 0.0, 1.0]], [[0.9976157950811121, 0.02848493103545585, -0.06285963815190512, 5.94851808821479], [-0.029308093208451576, 0.9994958232546446, -0.012212082910356444, 6.171880679416956], [0.062480085444626646, 0.014025262936217277, 0.9979476594102549, 11.734472484871965], [0.0, 0.0, 0.0, 1.0]], [[0.9571500887846148, 0.28772147767076633, -0.032864248455630365, -25.111647734511923], [-0.28778730149981313, 0.9576902230606834, 0.002811716457145177, 9.605450513945907], [0.032282760648035355, 0.006766678722271601, 0.999455869673099, -1.6482389609700092], [0.0, 0.0, 0.0, 1.0]], [[0.9897405117461429, 0.1290166223252859, 0.06138754411327962, -16.333497128712356], [-0.12829964810850866, 0.9916143489923106, -0.015497843972294307, 8.683505645210746], [-0.06287224907475623, 0.0074628437161211114, 0.9979936804709504, -1.1643858598385366], [0.0, 0.0, 0.0, 1.0]], [[0.9878206165350485, -0.12850717459717176, 0.08772876167694693, -22.263918105575794], [0.1289144159075287, 0.991655186780233, 0.0010314567765248017, -24.81626938286409], [-0.08712923114282158, 0.010290607800958416, 0.9961438653485487, -15.277505957200567], [0.0, 0.0, 0.0, 1.0]], [[0.995290550034551, -0.029582211081662937, 0.09231258743769258, -13.394493156455274], [0.03227313602527762, 0.999092543922728, -0.02779448450876215, 0.827189405932968], [-0.0914065955115692, 0.030642804465874644, 0.9953420782984373, 4.356727472646251], [0.0, 0.0, 0.0, 1.0]], [[0.99119392163355, 0.026346104002720524, 0.1297709232477702, -55.48861090550717], [-0.020978833356715812, 0.9988738655204324, -0.04255454536542932, -8.473551773135538], [-0.13074593021464176, 0.03945736413073065, 0.9906304145079333, -7.239037111596027], [0.0, 0.0, 0.0, 1.0]], [[0.9386628058832801, 0.3411090767739771, 0.05056416313688207, -27.765412537209837], [-0.3399080785990043, 0.9399486174865708, -0.03096925230316466, 26.31036910449156], [-0.058091608296390616, 0.01188251772517159, 0.9982405375549769, 30.845451912466906], [0.0, 0.0, 0.0, 1.0]], [[0.9744381771483323, 0.211285202128332, 0.0763465930964144, -45.89176879363365], [-0.20828555470023555, 0.9770132473225583, -0.045411917592706706, 5.2032875762807596], [-0.08418649903075191, 0.028349213707287466, 0.9960466632960152, 24.11613322077759], [0.0, 0.0, 0.0, 1.0]], [[0.7978331029408932, 0.5964749690653461, 0.08763533037651298, -46.44108653978625], [-0.5976733385688281, 0.801603926855261, -0.014755501151012606, 50.31727470048801], [-0.07905011205366486, -0.04060487321395245, 0.9960433344265617, -3.2556941610296968], [0.0, 0.0, 0.0, 1.0]], [[0.9049736485506191, 0.41946823453318605, 0.07119758174676116, -60.479727315570194], [-0.4209970874238723, 0.9070325948953931, 0.007302340579341609, 20.410418834160637], [-0.06151542741126552, -0.036582400344055646, 0.9974355017621291, -13.08108814936557], [0.0, 0.0, 0.0, 1.0]], [[0.9315279524664143, 0.3617723987589478, 0.03709993625231636, -31.373130648942993], [-0.3563420020838413, 0.9283719243039219, -0.1055743705409198, 34.17977164399091], [-0.07263643248817037, 0.08512521166158035, 0.9937190986465758, 23.874886033186215], [0.0, 0.0, 0.0, 1.0]], [[0.9578246115519652, 0.27753263727007504, 0.07448253993549153, -56.87398642190862], [-0.27169451660705324, 0.9590747804103094, -0.0797349059482258, 16.5253117431204], [-0.09356336436332635, 0.056135557633553025, 0.9940295247215675, 5.424797755350925], [0.0, 0.0, 0.0, 1.0]], [[0.9786726530843406, 0.16119479057554095, 0.12734236371360597, -45.28676782012408], [-0.1524205753977263, 0.9853938006141695, -0.07594093696149558, 16.049812873733377], [-0.1377236591885607, 0.05491172190408316, 0.9889473679105708, 5.238890179102757], [0.0, 0.0, 0.0, 1.0]], [[0.9467657833355344, 0.30645664900818964, 0.09858434857381572, -66.34694597416505], [-0.2984109604810533, 0.9503375694766585, -0.08837082497053499, 20.857245663040228], [-0.12077023710263915, 0.05424782318092467, 0.9911971163750954, -1.7392184078411916], [0.0, 0.0, 0.0, 1.0]], [[0.8968118034895766, 0.44028080410440157, 0.04337513871969473, -32.20948033525837], [-0.43805963475288007, 0.8974294348639189, -0.05219354212926822, 37.48337057556747], [-0.06190594092609083, 0.027806887222553256, 0.9976945582196219, 15.865666859919726], [0.0, 0.0, 0.0, 1.0]], [[0.9370614404498125, 0.335625046899734, 0.09628958778431758, -57.99787976017937], [-0.33482498524972903, 0.941952977645665, -0.02483580393270766, 16.035679797012435], [-0.09903578178941921, -0.008967485601674438, 0.9950434654462804, 7.60248666658714], [0.0, 0.0, 0.0, 1.0]], [[0.9942558082688522, 0.0770622314943177, 0.07427516543748958, -24.772277841318893], [-0.07172059905401638, 0.9948164896165482, -0.0720854191798965, 10.370686865385814], [-0.0794452226064179, 0.06634428735109406, 0.9946290223700959, 9.599731341038582], [0.0, 0.0, 0.0, 1.0]], [[0.9858562442886378, 0.06702872881210413, 0.15360538763642476, -57.30462641886292], [-0.05715484306212546, 0.9960588620453376, -0.06782379564351909, -4.102221319554215], [-0.15754615041836711, 0.058085220622663046, 0.9858018653023399, 6.160079136053107], [0.0, 0.0, 0.0, 1.0]], [[0.9162106347801763, 0.37527247687125276, 0.14045868011134674, -41.38190012470018], [-0.3780328229097693, 0.9257617117403538, -0.007512514788229765, 28.437827963089322], [-0.13285050816078164, -0.046214945401753124, 0.9900580393607921, 41.66328250206345], [0.0, 0.0, 0.0, 1.0]], [[0.9580286822572436, 0.2518335989570005, 0.13697037055078445, -58.93213277689109], [-0.25241843897882116, 0.9675257901266258, -0.013370755526388564, 9.971376747604848], [-0.13588957147606895, -0.021764279823049897, 0.9904849016960525, 21.33827448797397], [0.0, 0.0, 0.0, 1.0]], [[0.9079954468109267, 0.41857349954723344, 0.018452480792743104, -30.384301672121204], [-0.4157737251026735, 0.9056107270491865, -0.08367449173846328, 35.21117549865737], [-0.051734689376381864, 0.06830400083615888, 0.9963222798798098, 12.490124127427656], [0.0, 0.0, 0.0, 1.0]], [[0.8807805311547606, 0.4735247079053112, 8.331823586313426e-05, -51.658332223731755], [-0.47252532389494944, 0.8789330234351271, -0.06478085051277768, 31.47386912931504], [-0.030748564465875157, 0.0570183419469139, 0.9978995112058698, 6.422504665266127], [0.0, 0.0, 0.0, 1.0]], [[0.9806978575179567, -0.18412975851299965, 0.06578711340099559, -5.183473863655946], [0.18562370101637296, 0.9824683353300773, -0.01731507131756213, -5.400215837682397], [-0.061445535888909, 0.02919250081258042, 0.9976834387798725, 7.059669744794997], [0.0, 0.0, 0.0, 1.0]], [[0.9913533062511041, 0.13118778099796485, -0.0028962565206776913, -27.28523497582772], [-0.13110544577042815, 0.9911695250919221, 0.01985786036784724, -5.29464241922786], [0.005475789837169797, -0.019306440528529176, 0.999798618262587, -7.81769739678899], [0.0, 0.0, 0.0, 1.0]], [[0.8121381591842322, 0.5802236466745883, 0.061417670392899984, -48.63881993311779], [-0.5765348721164962, 0.8142092577090323, -0.06834344075711621, 54.41394303788212], [-0.08966131624320367, 0.02009488742313727, 0.9957695736810743, 26.239251994979995], [0.0, 0.0, 0.0, 1.0]], [[0.8859678627943812, 0.4608685597523337, 0.05158601290432748, -64.08117603170678], [-0.45639344368836166, 0.8862390167317452, -0.07928070244784809, 37.13191859960392], [-0.0822555205067354, 0.046696636432998935, 0.995516676651882, 3.7666367476657627], [0.0, 0.0, 0.0, 1.0]], [[0.9944332644716439, 0.011798463703016206, 0.10470567685908688, -17.72771203974766], [-0.013217024669734075, 0.9998298922295156, 0.012864558414327175, -1.6680865180998246], [-0.10453608358433245, -0.014176842334053278, 0.9944200442319562, 29.387967265351165], [0.0, 0.0, 0.0, 1.0]], [[0.9754095680338531, 0.2180958288378413, 0.03178653852726531, -36.43191280106568], [-0.2182984824534717, 0.9758774105153282, 0.003008688153867063, 1.6188314820266365], [-0.030363582570601226, -0.009873656335462886, 0.9994901519094846, 14.895378985012476], [0.0, 0.0, 0.0, 1.0]], [[0.9960239009165627, -0.002521048228071638, -0.08905073339836692, 3.0169699030322463], [0.004286022264095901, 0.9997980433514181, 0.01963421818726473, -6.698243244359694], [0.08898325019972543, -0.0199378240163058, 0.9958335525364603, 24.49276792514682], [0.0, 0.0, 0.0, 1.0]], [[0.9869941614435762, 0.14738526259131077, -0.06418808025778883, -23.782558751978485], [-0.14736940911773524, 0.989068845770854, 0.005007552476045443, -8.750233462458048], [0.06422446988943982, 0.004516934403012919, 0.9979252551023134, 11.964745402428388], [0.0, 0.0, 0.0, 1.0]], [[0.8430966218077346, 0.5321418255966728, 0.07754459199082574, -40.511078207296606], [-0.5319965483923519, 0.8463993668487012, -0.024244263171723485, 44.17287797192942], [-0.07853508002802304, -0.020813198907314766, 0.9966940613629828, 2.674842549234801], [0.0, 0.0, 0.0, 1.0]], [[0.9091841145339703, 0.41006690238017657, 0.07231446225620917, -59.21741518885672], [-0.4065611594314767, 0.911743120966724, -0.05858758410781515, 31.6668876535587], [-0.08995704264153653, 0.02386664916120033, 0.9956596373947307, -15.156792362860353], [0.0, 0.0, 0.0, 1.0]], [[0.9562252233718338, 0.2785700047951346, 0.08962184229263032, -35.72548589913155], [-0.27620917674788525, 0.9603461108735275, -0.03799786849740564, 23.484953356041494], [-0.09665305410457532, 0.011580145013309095, 0.9952507660754295, 26.335363732402868], [0.0, 0.0, 0.0, 1.0]], [[0.9845947071098284, 0.17144499201785277, 0.034349344146738, -37.17405858453096], [-0.17047341117152628, 0.9849212117105639, -0.029479192766052285, 0.45253328401558224], [-0.03888545762693696, 0.02316940729912627, 0.9989750245879793, 4.5368836651585], [0.0, 0.0, 0.0, 1.0]], [[0.9424743340179587, 0.3259391535493461, 0.07420106401484214, -35.20579558224418], [-0.3239139439864302, 0.9453149787537091, -0.03820141142711434, 26.49143298838629], [-0.08259471295763748, 0.011969090500278482, 0.9965113417638747, 20.983073413221383], [0.0, 0.0, 0.0, 1.0]], [[0.9960538264141324, -0.01763648768665452, 0.08698120019775865, -35.441439533715844], [0.023116952958237565, 0.9977829520393617, -0.062408229469704805, -10.325575469375917], [-0.085687696734658, 0.06417269607625338, 0.9942532291657964, 0.3848829969082041], [0.0, 0.0, 0.0, 1.0]], [[0.9911008661990582, 0.12261611451528129, 0.051810823971917885, -19.766993655950895], [-0.11839228850476137, 0.98990171807169, -0.07796059633762206, 9.306590896895578], [-0.06084684907272508, 0.07113281254025977, 0.9956092526378156, 11.184668214705237], [0.0, 0.0, 0.0, 1.0]], [[0.9975465493932809, 0.046480435358756456, 0.05234931635097942, -31.46162730284789], [-0.042659588917460245, 0.9965006068783242, -0.07187976046511989, -9.163740517111194], [-0.05550712807331838, 0.06947020670755318, 0.9960385781248938, -3.792714571975799], [0.0, 0.0, 0.0, 1.0]], [[0.9734605055748528, 0.08910411530955148, 0.21079634892677282, -60.77031516815497], [-0.06945171683919155, 0.9926731292033787, -0.09887627412916278, 8.874005268160333], [-0.21806215424517011, 0.08161197946673472, 0.9725165200105754, 16.96329603713229], [0.0, 0.0, 0.0, 1.0]], [[0.9800975879798564, 0.040300845687028714, 0.1943825091745053, -68.00976045187136], [-0.02943428641628256, 0.9978550252874646, -0.058471970137116545, -12.653418556536641], [-0.19632203345327962, 0.05158672644646018, 0.9791815300725942, 12.749020497422901], [0.0, 0.0, 0.0, 1.0]], [[0.9260048669165377, 0.3562751194389055, 0.12483198995320766, -46.65421575786833], [-0.35374542488962746, 0.9343694004578872, -0.04263798608781198, 29.365787204003357], [-0.13183004519661337, -0.004675762692981627, 0.99126130582541, 10.560076786237648], [0.0, 0.0, 0.0, 1.0]], [[0.9834295287226018, -0.11916660969673852, 0.13662240361604247, -33.99077062465851], [0.11236750768811454, 0.9920608525192519, 0.05646953262366549, -34.142168184814764], [-0.14226702095848198, -0.04018188686658254, 0.9890123915884153, -6.192884010857782], [0.0, 0.0, 0.0, 1.0]], [[0.9748274514809602, 0.21047416389949078, 0.07356674635964881, -32.38128734364125], [-0.20649413846105186, 0.9767184130770069, -0.05814905276581666, 20.844423457205497], [-0.08409286902206747, 0.04149419100481458, 0.9955936025771217, -12.852520766000135], [0.0, 0.0, 0.0, 1.0]], [[0.9735991553895799, 0.2204739526464964, 0.05912631249389011, -47.90112037007369], [-0.21815695523471323, 0.9749564622249552, -0.043213882590176195, 6.172551899321172], [-0.06717311595730806, 0.029174183282976763, 0.9973147143817519, -15.930816853194361], [0.0, 0.0, 0.0, 1.0]], [[0.9725881858086105, 0.19801163326289756, 0.12191642185559924, -40.13178245105719], [-0.19726021436148528, 0.9801798904642179, -0.01832457802000974, 15.35710832089247], [-0.12312850464280625, -0.00622699141723117, 0.9923711986561846, 4.651630476862301], [0.0, 0.0, 0.0, 1.0]], [[0.9840911536493208, 0.16620894072280104, 0.06276296147373099, -41.26305386866642], [-0.1651383938492234, 0.9860269637719645, -0.021912042158101285, -0.02225859794246584], [-0.06552794965545114, 0.011198872195185831, 0.9977878898220341, -13.542222130553727], [0.0, 0.0, 0.0, 1.0]], [[0.9984144122609427, -0.034489287934392404, 0.044487643311542195, -6.410164904837297], [0.03400242852682674, 0.9993537936914362, 0.011654608050688346, -4.924818098175929], [-0.044860854248603844, -0.010123440735031988, 0.9989419501171086, 16.964755487170688], [0.0, 0.0, 0.0, 1.0]], [[0.996989784175722, 0.048914100553400626, 0.06015630487566692, -29.518090460194152], [-0.05029247887238368, 0.9985005867173284, 0.02161584821419088, -15.643252336502663], [-0.05900878594000409, -0.024576189537841547, 0.9979548958192868, 9.200349602179594], [0.0, 0.0, 0.0, 1.0]], [[0.8497382083187749, 0.5239716688019115, 0.058298092731547235, -40.576069688320935], [-0.522037732926623, 0.8516937361294056, -0.045764453878127616, 48.27444860175039], [-0.07363139767808073, 0.008454000879564468, 0.9972496914740552, 3.343762364271467], [0.0, 0.0, 0.0, 1.0]], [[0.8928855912242304, 0.44256815667441074, 0.08299847999795076, -66.83184387328095], [-0.43919156562102224, 0.8966286370006121, -0.0562837098793129, 37.16818398375974], [-0.09932819172577007, 0.013802681197418305, 0.994958992280713, -6.250387976642925], [0.0, 0.0, 0.0, 1.0]], [[0.906036707101661, 0.4157613684181512, 0.07899348020846705, -36.475853263316104], [-0.41334408528293326, 0.9094324864988, -0.04559846118262268, 36.634492170940106], [-0.09079731574222916, 0.008662391798722021, 0.9958317179234301, 15.593374239328977], [0.0, 0.0, 0.0, 1.0]], [[0.8961723989251419, 0.4371351821947037, 0.07607801188492842, -59.017309283481836], [-0.4349181858923019, 0.8993702381659456, -0.044489844700592196, 32.73258783269828], [-0.08787037603714702, 0.006782859937850623, 0.9961088242888708, -4.220754495509954], [0.0, 0.0, 0.0, 1.0]], [[0.9920656758489697, 0.11490745449222665, 0.051009525624537706, -14.238200450736015], [-0.11832522529415758, 0.9905055122671651, 0.06998550726717413, -2.3306016875699407], [-0.042483359817819706, -0.07546593317831385, 0.9962429709002282, 22.725270996007097], [0.0, 0.0, 0.0, 1.0]], [[0.9941903157909505, -0.1076103468022163, -0.002372603758451259, -6.036663898931859], [0.10758385002243619, 0.9927732197883291, 0.05317000362479564, -29.403160487792693], [-0.0033661850569798144, -0.05311635654125349, 0.998582656301391, 11.029039316094241], [0.0, 0.0, 0.0, 1.0]], [[0.996610978824609, -0.07753947014649319, 0.027462473589546087, -2.572152283992011], [0.07677444707850697, 0.9966581685760814, 0.027895865040585617, -4.36515973965508], [-0.029533729226851078, -0.025692909138011675, 0.9992335228854072, 5.669477859656635], [0.0, 0.0, 0.0, 1.0]], [[0.9913027187764196, -0.12264041101262045, 0.047731010183506624, -16.45864251074201], [0.12182655235838674, 0.992357606031325, 0.01961307962174022, -20.151562527276788], [-0.049771587145194876, -0.013627594741369792, 0.998667651310794, -7.207273255619565], [0.0, 0.0, 0.0, 1.0]], [[0.9319318812913706, 0.3625491231829297, 0.007816771201181771, -18.747601799607263], [-0.3624658876045042, 0.9306299367808164, 0.05046187759497672, 13.20292068342042], [0.011020388187437292, -0.04986034543221931, 0.998695397504952, 17.789322413251497], [0.0, 0.0, 0.0, 1.0]], [[0.9874305494080929, 0.1551743576345835, 0.0300