[[[0.9956610126741972, -0.09023634935510617, -0.022727716463731, 17.3319329994315], [0.08399144606032467, 0.976609517161237, -0.19793758606892353, 17.6006759786544], [0.04005726936884357, 0.1951698036202325, 0.9799511023135548, -3.5618786600214043], [0.0, 0.0, 0.0, 1.0]], [[0.9703792798252593, -0.24142691477222525, 0.008780552908200434, 11.44006894111265], [0.23846076866032423, 0.9513634992861745, -0.19504859403720082, -3.561794825563892], [0.03873648274864875, 0.19136493160850054, 0.9807542749612328, -26.93092163534086], [0.0, 0.0, 0.0, 1.0]], [[0.9979330878976825, 0.047006859780698386, 0.04381674580057317, -4.452501352251655], [-0.0429722413419668, 0.995116097911715, -0.08886696884110917, 13.040180526284468], [-0.047780106247705754, 0.08680038485235356, 0.995079270528957, 55.39842688850568], [0.0, 0.0, 0.0, 1.0]], [[0.9993497706505705, -0.02336063292668654, -0.027464827141576262, -2.374011472773695], [0.022274461841073342, 0.9989827032081967, -0.03920978245968988, -12.857285128376105], [0.028352852596213757, 0.03857252286421314, 0.9988534808617079, 38.691113207000505], [0.0, 0.0, 0.0, 1.0]], [[0.9362242319430227, -0.3337001723460878, -0.11012893579294468, 45.659641244979355], [0.33014063870546506, 0.942624836673975, -0.04965456636107591, -4.672811855112285], [0.12038000746736471, 0.010129771051226246, 0.9926762017599727, 24.50286887727417], [0.0, 0.0, 0.0, 1.0]], [[0.8098338247868927, -0.5851140680903613, -0.04255236249346839, 50.49992532992317], [0.5845315518426533, 0.8109432711681134, -0.026341523258477852, -33.51343814452449], [0.0499203478698495, -0.0035409419517522236, 0.998746925201096, 17.388350855748], [0.0, 0.0, 0.0, 1.0]], [[0.9885188624673159, -0.15058875271230268, -0.012388950838381966, 13.178524681756612], [0.1505219598599311, 0.988587454390735, -0.006163166488994008, -14.521182464755704], [0.013175664926223843, 0.004227597166095443, 0.9999042600549073, -1.0484007539880107], [0.0, 0.0, 0.0, 1.0]], [[0.9576949529570288, -0.2791169590748234, -0.07010064363084044, 26.702913903173023], [0.2795890593843907, 0.960114482613096, -0.0031840460325361186, -34.82007185029074], [0.06819336443662519, -0.016550028199644365, 0.9975348423054726, -11.214146131361632], [0.0, 0.0, 0.0, 1.0]], [[0.9411434058492323, -0.3379551497588873, -0.005950325870062536, 20.64943530125548], [0.33769336846309345, 0.9408817774381397, -0.026545616980972707, -5.217699596992142], [0.014569781143207252, 0.022973846789327304, 0.9996298934311352, 48.78965386610717], [0.0, 0.0, 0.0, 1.0]], [[0.9180492481492474, -0.3964511707665438, -0.0034709034035917516, 21.546680339019293], [0.3962375286022983, 0.9177816039789437, -0.025937392409002048, -26.31118055329937], [0.013468440880184535, 0.022436501413379824, 0.9996575436141035, 45.96164864706789], [0.0, 0.0, 0.0, 1.0]], [[0.8606391153975576, -0.5084434574631617, -0.028027907710252327, 41.64804679917913], [0.5089443549302493, 0.8606726560524968, 0.014772362985350824, -25.326064895721604], [0.016611942461404544, -0.026978318821682893, 0.9994979808289827, 13.63706173363726], [0.0, 0.0, 0.0, 1.0]], [[0.970768320936719, -0.23031376239450893, 0.06756062401567274, -13.054401575145022], [0.22818108868552184, 0.9728826415654532, 0.03785177019528355, -43.01346932763363], [-0.07444634196514617, -0.021329242656788594, 0.9969968934634122, 9.455302137837894], [0.0, 0.0, 0.0, 1.0]], [[0.9904780115246169, -0.1255147984531045, 0.05656274441289057, -4.538017495964237], [0.12228759743346528, 0.9908385700708813, 0.05731205435019397, -27.255064771459583], [-0.06323805974405128, -0.0498494075106754, 0.9967527197708782, 34.33759482574017], [0.0, 0.0, 0.0, 1.0]], [[0.9496341823960739, -0.3133367443022204, 0.0038735377911915934, 8.357515614228511], [0.31241371226813514, 0.9476523355208878, 0.06597517236539958, -60.70841945015948], [-0.024343212848303313, -0.06144213254669939, 0.9978137463155798, 2.02912915819004], [0.0, 0.0, 0.0, 1.0]], [[0.9978528686757753, -0.011395367189078858, 0.06449649666573332, -10.454801249845607], [0.013387430037873325, 0.9994439201424039, -0.030538945747413213, 0.399097457354054], [-0.06411262896269287, 0.031336816957190566, 0.9974505374756606, 24.04552569937423], [0.0, 0.0, 0.0, 1.0]], [[0.973843851362886, -0.22442178992388004, 0.03553889939303695, -4.968798527668386], [0.2247560784819116, 0.9743986376603663, -0.0056568640657926285, -31.282929181406942], [-0.03335953159352266, 0.01349648594960993, 0.9993522834911011, 11.873638342193958], [0.0, 0.0, 0.0, 1.0]], [[0.9643787707932908, -0.2616264647815895, -0.03905354489817825, 34.10570745388616], [0.26147391842701195, 0.9651680704614657, -0.009054597954587006, -6.360324879496745], [0.04006215702693206, -0.00147942136751983, 0.9991960943112083, 13.537376403924243], [0.0, 0.0, 0.0, 1.0]], [[0.9809023654874216, -0.1927453314301108, 0.02607271740879651, -1.2420172415619612], [0.1926140658903769, 0.9812460852179191, 0.0074794295028172315, -30.671979453224086], [-0.027025377006803315, -0.0023146179828907204, 0.9996320680836697, 8.731905453554068], [0.0, 0.0, 0.0, 1.0]], [[0.6114760580145613, -0.7843506005896864, -0.10436074851002258, 88.50600480631095], [0.785243480547917, 0.617760808940339, -0.04200308553393609, -12.242030179665559], [0.09741512578633366, -0.05626471622585633, 0.9936521398236201, 14.090073391027609], [0.0, 0.0, 0.0, 1.0]], [[0.5695070428460169, -0.8172406136397828, -0.08820151680361416, 91.17202828500683], [0.8197351058150021, 0.5726043947301744, -0.012592197193481593, -36.35416473970035], [0.060795431105090766, -0.06513053472346061, 0.9960230564617386, 9.123700334351705], [0.0, 0.0, 0.0, 1.0]], [[0.9050462062199891, 0.4232681980782022, 0.04165809768146873, -20.51254228455473], [-0.4249997269907904, 0.9037906427404511, 0.05037565039337863, 3.3545828014293506], [-0.016327788109856287, -0.06329697141597168, 0.9978611610564894, -10.866764277584837], [0.0, 0.0, 0.0, 1.0]], [[0.9806838761573843, -0.19554384161795083, -0.0046627299103118094, 7.247311794983561], [0.1955328370342371, 0.9794494733573784, 0.049453400098405924, -43.496299777264994], [-0.00510339948124926, -0.049409868905354516, 0.9987655481485572, -3.5356669239511582], [0.0, 0.0, 0.0, 1.0]], [[0.9751842206940637, -0.21784731701061524, -0.03947508303463338, 19.314518800371268], [0.21645056371471988, 0.9755998223442256, -0.03679864276708158, -8.350016976489448], [0.04652836959205255, 0.027341051793883863, 0.9985427270327054, 29.974913667148023], [0.0, 0.0, 0.0, 1.0]], [[0.9993952624148944, -0.031725855131940144, -0.014233045310507685, -5.155104216279224], [0.031339155923229896, 0.9991543725158922, -0.026615731971742294, -11.630770297350768], [0.01506541631297662, 0.026153584812015504, 0.9995444078342876, 8.392955445808502], [0.0, 0.0, 0.0, 1.0]], [[0.9418727427081464, -0.3359663494563183, 0.0015325065834082795, 21.232758421110947], [0.3359284165980456, 0.9418184348523757, 0.011407659450988039, -18.931485945394765], [-0.005275932653375878, -0.0102297509849922, 0.9999337561705886, 2.0741148217157233], [0.0, 0.0, 0.0, 1.0]], [[0.8748392759203488, -0.4843088960226635, -0.010056567031954584, 29.09225562141083], [0.4843626014088366, 0.8748595363345862, 0.003696219811558429, -42.23660178520124], [0.00700797143430052, -0.008104623232426084, 0.9999426000619409, -6.13402925335921], [0.0, 0.0, 0.0, 1.0]], [[0.9948487212185869, -0.07263503707923652, -0.07071190337022035, 26.46192990230081], [0.06906485099048834, 0.9962720858407839, -0.051691172671126315, 5.858473052363946], [0.0742028857080578, 0.04654118996064109, 0.996156538597044, 15.436224895892236], [0.0, 0.0, 0.0, 1.0]], [[0.9538734173643332, -0.2981445965759811, -0.0351468800640454, 23.967375384772975], [0.2955159004880997, 0.9531246597910351, -0.06499027201768821, -18.703092417878324], [0.052875856535836395, 0.05160603095347609, 0.9972667453419023, 0.5721119739347016], [0.0, 0.0, 0.0, 1.0]], [[0.9771089449374039, -0.21043036612952912, -0.03125973022763735, 26.10430832519164], [0.20951883561930054, 0.9773423365118908, -0.030063512472914288, -6.450066273899629], [0.036877733716225554, 0.022825824674453724, 0.9990590645621943, 3.5922876926187484], [0.0, 0.0, 0.0, 1.0]], [[0.9444054831061859, -0.32845559758645526, -0.014669829347649153, 16.450717958578387], [0.32840280052030835, 0.9445190783808449, -0.005942321516949767, -36.70981754272377], [0.015807722460346493, 0.000794347982064239, 0.9998747346152383, -16.45557461551947], [0.0, 0.0, 0.0, 1.0]], [[0.9986528008886598, -0.029880399561790363, 0.04242340155228443, -3.6639675861084777], [0.029850756922011248, 0.9995534791220484, 0.0013321734859415707, -5.442468166600343], [-0.042444264493823144, -6.40081354630406e-05, 0.9990988341072878, 52.80199610022832], [0.0, 0.0, 0.0, 1.0]], [[0.9972039683737051, -0.07452596914938556, 0.005488659406347955, -7.880244031093681], [0.07454151876645938, 0.9972142966154114, -0.0026848846938652194, -22.990846674215], [-0.005273275995398182, 0.00308651067948921, 0.999981332831819, 28.836496710430715], [0.0, 0.0, 0.0, 1.0]], [[0.929654593355523, -0.36841209281604503, -0.003855764500411363, 28.273843403298738], [0.3679648400314838, 0.9289512946105462, -0.040637036579925616, -2.7490661323757135], [0.01855299311662307, 0.03635962194929118, 0.9991665348369715, 8.736851575431782], [0.0, 0.0, 0.0, 1.0]], [[0.9357972279021791, -0.35156045279430737, -0.026244928684577784, 23.571007108846505], [0.35023561481457977, 0.9355995993306999, -0.04459152215039085, -22.26089251442754], [0.04023136047973251, 0.032536714082666444, 0.9986605028089651, 2.409501975840971], [0.0, 0.0, 0.0, 1.0]], [[0.901948819711908, -0.4284022541403716, -0.05440436809440319, 41.53925823943336], [0.4297945643607066, 0.9027744422853209, 0.016581278672676062, -21.709711660968992], [0.042011415904405984, -0.03833816641258782, 0.9983813028747238, 25.78840606911999], [0.0, 0.0, 0.0, 1.0]], [[0.8670593336201885, -0.49780471381454716, -0.019964440541434952, 34.08496144362141], [0.49816952640294704, 0.8667788356194835, 0.02283797463867413, -44.645309041648915], [0.005935903097190324, -0.029747554960869997, 0.9995398181304598, 12.723320936086443], [0.0, 0.0, 0.0, 1.0]], [[0.9998244234203066, 0.018017239755630386, -0.005147951421871044, 3.426731855699434], [-0.017952818157456463, 0.9997632049930107, 0.012297571398798307, -4.524313566194372], [0.005368300704982247, -0.012202991997513277, 0.9999111302180059, 35.316879990210595], [0.0, 0.0, 0.0, 1.0]], [[0.9913472628429, -0.12714925390465392, -0.0326139799070664, 5.896614728359084], [0.1267486017366741, 0.9918349435282652, -0.014079657455952575, -22.176020404592997], [0.034137902860114686, 0.009824053530435582, 0.9993688466029649, 25.370008718303648], [0.0, 0.0, 0.0, 1.0]], [[0.9981755042574473, -0.0587446682419805, -0.013954449237770465, 15.184891291847258], [0.05916167511663678, 0.9977471074292138, 0.03163235391222493, -14.41177993056839], [0.012064779226466722, -0.032400209409421725, 0.9994021550569321, 5.392952916102332], [0.0, 0.0, 0.0, 1.0]], [[0.9473950051118839, -0.3143985646785798, -0.05996871531975827, 29.271845504843068], [0.31711628967479216, 0.9474202906138482, 0.04280247371429909, -47.53344248235203], [0.043358541395516266, -0.059567906302125245, 0.9972821573791616, -7.336470634973378], [0.0, 0.0, 0.0, 1.0]], [[0.9993382203307165, -0.008925465946893463, 0.035262691954336345, -12.438281834643192], [0.010680072313956278, 0.9986977469986541, -0.04988733501783588, 2.4789807265159984], [-0.03477150329802029, 0.0502309286938234, 0.9981321537556793, 3.8454268232057793], [0.0, 0.0, 0.0, 1.0]], [[0.8636757970898373, -0.5014375663567966, 0.05122972347577647, 11.383624376594964], [0.5022964520624876, 0.8646831385506006, -0.004619973129619466, -48.464183901218924], [-0.04198084999936368, 0.029722667317282576, 0.9986762094297003, -10.594072337359243], [0.0, 0.0, 0.0, 1.0]], [[0.9394412113630153, -0.3411139139631705, -0.03303797956166067, 30.95766260420695], [0.34123282838008817, 0.9399763614167098, -0.0021440180796730725, -17.102737643808428], [0.03178627421569454, -0.009259464267836751, 0.9994517972833689, 28.729896622890255], [0.0, 0.0, 0.0, 1.0]], [[0.9728949622817403, -0.22710439091017637, -0.043577379408679034, 14.989917401558495], [0.22696338357730236, 0.9738685840546051, -0.008222135161934485, -30.24386984331598], [0.04430592377947283, -0.0018911955997800325, 0.9990162203374146, 13.710980271438041], [0.0, 0.0, 0.0, 1.0]], [[0.819335056892194, -0.5724432850582051, -0.03160300522469932, 45.92118329241845], [0.5720987818709117, 0.8199424559637959, -0.01993370737910873, -17.18870258259806], [0.03732356265526269, -0.0017476555229761213, 0.9993017048774055, 12.811288168968526], [0.0, 0.0, 0.0, 1.0]], [[0.886045195887833, -0.4625718122981047, -0.03084200563102621, 37.91498175164733], [0.46243088178028424, 0.8865743314227486, -0.011984758579883242, -37.702050411136696], [0.0328875420183155, -0.003643258096246878, 0.9994524182023093, 4.62803889619348], [0.0, 0.0, 0.0, 1.0]], [[0.9985285633843676, -0.04439474342571525, 0.03114185064697863, -2.2883063178250382], [0.043385606593777624, 0.9985340350023638, 0.0323646424727754, -16.91249620126817], [-0.0325330177826124, -0.030965911872017086, 0.9989908483344053, 44.49332376157077], [0.0, 0.0, 0.0, 1.0]], [[0.9994574441531634, -0.027802392538348434, 0.017659113680155276, -17.59601453901186], [0.0273642155282531, 0.9993230838559991, 0.024588082093903244, -29.147465521009384], [-0.018330767451156256, -0.024091513893419028, 0.9995416859355951, 27.001225469797898], [0.0, 0.0, 0.0, 1.0]], [[0.9918825545400273, -0.07958318028679882, -0.09917416707283194, 28.755009266966322], [0.07687611603544305, 0.9965638514473375, -0.030831035852752573, 4.83790379158045], [0.10128702178688152, 0.02295664182513393, 0.9945923445380302, 15.430219566512315], [0.0, 0.0, 0.0, 1.0]], [[0.9917093091626907, -0.11028085873992859, -0.06596042992310606, 13.208804702015767], [0.108005457286564, 0.9934566163377361, -0.037131828006361695, -13.059463385731837], [0.06962375540271622, 0.02969989310347344, 0.9971311092495629, 8.049387581695884], [0.0, 0.0, 0.0, 1.0]], [[0.9888860818606001, 0.14560808152850852, 0.030043363592978226, -14.176599181817092], [-0.145209805813278, 0.9892864199348835, -0.015049638802739953, 10.842839806937937], [-0.03191284064546342, 0.010519787355744688, 0.9994352928909055, 28.982722110108273], [0.0, 0.0, 0.0, 1.0]], [[0.9806753709945195, -0.1832184940821423, 0.0686061232765369, -21.18264601943525], [0.18198866994760016, 0.983012075241734, 0.023819822410061867, -35.74450811313773], [-0.07180487960763408, -0.010873976053652923, 0.9973594216275886, 20.882743696187053], [0.0, 0.0, 0.0, 1.0]], [[0.9087849280334439, -0.4151336060144721, -0.04211939857913079, 39.25257523484775], [0.4146929186970447, 0.909760452800387, -0.019123328762559417, -15.66589917990985], [0.04625729955123154, -8.762337730142912e-05, 0.998929554353244, 6.962763060974002], [0.0, 0.0, 0.0, 1.0]], [[0.9467087902945783, -0.32208508192257507, -0.001914779858709041, 13.04027301222972], [0.32204471523710754, 0.9466572184515943, -0.011283268203045305, -35.07312661280712], [0.005446812538524878, 0.010065324456734562, 0.9999345085938125, -9.27346243394579], [0.0, 0.0, 0.0, 1.0]], [[0.9406623149616963, -0.3388154010627194, -0.01893497329314487, 27.93076451582429], [0.3387206179077822, 0.9408520925548753, -0.008104501174204278, -18.40661677159974], [0.020560939061077324, 0.0012099329822154042, 0.9997878694238628, 1.9211296593501055], [0.0, 0.0, 0.0, 1.0]], [[0.9352074795673159, -0.35407957914024873, 0.003823845866166735, 12.023624308490621], [0.35409993648796084, 0.9351383715998164, -0.011378090387367527, -33.340349404354455], [0.0004529244592429532, 0.011994898811808518, 0.9999279560357965, -24.50120840098714], [0.0, 0.0, 0.0, 1.0]], [[0.921590002896194, -0.3796421688581009, -0.08089307873057891, 49.516048053708914], [0.3822628996690362, 0.923853397090852, 0.019234765928264234, -18.268878724692723], [0.0674310173318989, -0.048648990826243355, 0.9965371712049568, 37.206265428078886], [0.0, 0.0, 0.0, 1.0]], [[0.9826304725107606, -0.1642144311314016, -0.08643480260562315, 25.689333133182902], [0.16825960624753228, 0.9848579508060092, 0.041755498315966595, -35.74207904431259], [0.07826914716993127, -0.055573710892645775, 0.995382089078819, 15.294379196214337], [0.0, 0.0, 0.0, 1.0]], [[0.9993103999880444, -0.026788269290686253, 0.025712119790927763, 0.4367669890826864], [0.027259700743327637, 0.9994633634401014, -0.018162980382717017, -1.7136798686230164], [-0.025211766917801803, 0.01885135988220526, 0.999504373697021, 20.929143982616516], [0.0, 0.0, 0.0, 1.0]], [[0.9931432477640203, -0.11595031615106947, -0.014900120979521163, 0.33042862493026776], [0.11505515237998304, 0.9920435061054449, -0.05110766972615584, -11.606582756139684], [0.02070751872041166, 0.049042901407706264, 0.9985819908700339, 2.5989891295478498], [0.0, 0.0, 0.0, 1.0]], [[0.9526000534548419, -0.29230612107030796, -0.08432241542232091, 39.94463132395801], [0.29124268996582314, 0.956324456947731, -0.024924457568704712, -2.2365631383974387], [0.0879251596489618, -0.000815247479731276, 0.9961267498025769, 27.678004223476634], [0.0, 0.0, 0.0, 1.0]], [[0.9631461049710186, -0.2629515237980958, -0.05662222718519515, 26.134349474719127], [0.2631650765765295, 0.9647433931775419, -0.00378520683043704, -25.93847161386971], [0.05562124548786925, -0.011255285537880418, 0.9983884993317155, 11.602515264746955], [0.0, 0.0, 0.0, 1.0]], [[0.6733000848789065, -0.7392478250967891, -0.013403312714506893, 57.578004538931154], [0.738685851588913, 0.6733464313698106, -0.030786296040647483, -14.603682369088137], [0.03178377517568135, 0.010827578270647122, 0.9994361186110772, -7.8153485965786205], [0.0, 0.0, 0.0, 1.0]], [[0.706554799440747, -0.7072109943113974, -0.025157998973104938, 59.21268303369712], [0.7054861596937118, 0.7067241040709392, -0.05320074440969475, -30.677802774961535], [0.05540391563657198, 0.01984062121537617, 0.9982668760817028, -16.5468207496547], [0.0, 0.0, 0.0, 1.0]], [[0.9946469178541175, 0.07638894133524288, 0.06958619435625037, -11.965060943891466], [-0.07656976224563004, 0.9970642239828735, -6.901505252888493e-05, 0.43962936754756626], [-0.06938717686253498, -0.005259552748152889, 0.9975759403634079, 48.87809662046023], [0.0, 0.0, 0.0, 1.0]], [[0.9918869133473673, 0.12611466658285794, 0.0159825530791405, -19.715804350929805], [-0.12630956782907157, 0.9919203053155039, 0.011832200878665995, -12.001376533867194], [-0.014361204861227904, -0.013754954579877438, 0.9998022589589608, 45.19262458237929], [0.0, 0.0, 0.0, 1.0]], [[0.821255602577337, -0.570315611224354, -0.016713432595446602, 41.46016893883649], [0.5695630588691005, 0.821199453229153, -0.03506251542336943, -12.411668556196949], [0.03372176162370537, 0.01927593343863142, 0.9992453558476326, 11.19243844335438], [0.0, 0.0, 0.0, 1.0]], [[0.6191326201573988, -0.7823634291487711, -0.06769241750453649, 80.15363337344787], [0.7789227989241552, 0.6227813092943257, -0.07363908004452112, -28.103523218518166], [0.0997700955857658, -0.00713481073463127, 0.9949849358169123, 5.19212674159433], [0.0, 0.0, 0.0, 1.0]], [[0.9170260227251411, -0.39711341822359836, -0.036935169035505415, 37.618449115658336], [0.3955974130993586, 0.9174527452494042, -0.04222732508022014, -4.41704797768861], [0.05065530963292041, 0.024112098645802358, 0.9984250829706204, -5.064034699663246], [0.0, 0.0, 0.0, 1.0]], [[0.8825482873422444, -0.4684717597861593, -0.040530615491618585, 37.313226917293896], [0.467349974601959, 0.8834054402919823, -0.0343340836790101, -27.89178877145041], [0.051889514825429396, 0.011359504627765962, 0.998588223396307, -1.604737962575004], [0.0, 0.0, 0.0, 1.0]], [[0.873252299872611, -0.4851973851523889, -0.04487670006228255, 46.53854131499152], [0.4821100178224452, 0.8737012651161755, -0.06493096372021022, -3.6335665737593335], [0.07071316343112605, 0.035065606734779035, 0.9968801591675313, 24.52056264967425], [0.0, 0.0, 0.0, 1.0]], [[0.8220311715990287, -0.5693050052741604, -0.012512549273210188, 42.260601758987896], [0.567168887098735, 0.8205129732679988, -0.07125948502544245, -26.25888112836591], [0.05083509050556745, 0.051480789316953116, 0.9973793269887795, 21.304734172344897], [0.0, 0.0, 0.0, 1.0]], [[0.961355221400954, -0.2752440961194339, 0.006068429493620325, 17.85374698192977], [0.27528301771748404, 0.9607098481358374, -0.0354379436645298, -3.638871243840891], [0.003924084795035903, 0.035738987761418144, 0.9993534541453839, 1.90678464874388], [0.0, 0.0, 0.0, 1.0]], [[0.9232271558549402, -0.3774758821755822, -0.07185803412119882, 36.46353726357768], [0.37465618051111754, 0.9258222210389568, -0.04985941671656791, -24.5950940627368], [0.08534849205942784, 0.0191095108849374, 0.996167888208068, -16.49404899329364], [0.0, 0.0, 0.0, 1.0]], [[0.8757413763958216, -0.4761352452046984, -0.07982649899757388, 51.59231978864403], [0.47185058746358777, 0.8791180240328921, -0.06714553544925224, -4.173881728705988], [0.10214727004974143, 0.02113594318599591, 0.9945447235428975, 2.690600277002812], [0.0, 0.0, 0.0, 1.0]], [[0.7712942571049948, -0.6359057205436189, -0.027001546932531168, 51.98634349999701], [0.6344234894362508, 0.7715180523288376, -0.0476101983008411, -31.41969923892649], [0.051107778354973155, 0.019591056903955663, 0.9985009691938214, -10.063182136658034], [0.0, 0.0, 0.0, 1.0]], [[0.9358366159938686, -0.3499930045438081, -0.04140923732138185, 36.73187953081147], [0.34970503819138277, 0.9367516034757816, -0.014241476367016169, -12.033081359194744], [0.043774586562345334, -0.0011533238688848195, 0.9990407676443167, 9.287895052153013], [0.0, 0.0, 0.0, 1.0]], [[0.9749139772112237, -0.2223005740573921, -0.011188914690410137, 8.1473443598221], [0.22208679610045956, 0.974866519047666, -0.017684033412124076, -24.67831596746759], [0.014838869095326716, 0.014755501131515514, 0.9997810175985201, 4.760657952361475], [0.0, 0.0, 0.0, 1.0]], [[0.9955046595687425, -0.09235297538994638, 0.021009538632410393, 4.072993145923843], [0.09283920034770073, 0.9954042123736038, -0.02348056361516589, -5.390899303541249], [-0.01874448334103375, 0.025325519254505012, 0.99950350795721, 15.420938538383576], [0.0, 0.0, 0.0, 1.0]], [[0.9844384871407963, -0.1754681542265952, -0.009580808329765315, 5.462479956061325], [0.17504161292373793, 0.983945726341376, -0.03480289297744468, -23.164955535624788], [0.015533794803466382, 0.03258426716768337, 0.9993482710007294, -4.909926566845489], [0.0, 0.0, 0.0, 1.0]], [[0.9548047731434733, -0.27960290117703873, -0.10084672942551359, 44.847510462494874], [0.28620914627315036, 0.9564031007398904, 0.058115690520850825, -29.12517984310522], [0.08020080904850124, -0.08435239503715294, 0.9932031532770429, 29.290923540178195], [0.0, 0.0, 0.0, 1.0]], [[0.9947475477892909, -0.09932907680606647, -0.02471943907219673, 3.485176121006692], [0.10036629057181166, 0.9939315911769606, 0.04501777179387771, -37.17851265936704], [0.02009785769787844, -0.047262316503590106, 0.9986803039785386, 24.85285433513251], [0.0, 0.0, 0.0, 1.0]], [[0.8899141316626922, -0.44669796646866516, -0.09227006567568811, 55.78520126380718], [0.4476242347068192, 0.8941470448548237, -0.01155883560404666, -17.566392148044336], [0.08766631491155018, -0.03101594638482081, 0.9956669263863711, 1.8573954821756045], [0.0, 0.0, 0.0, 1.0]], [[0.9956660321519587, 0.02659209000516141, -0.08911797331592083, 7.519175935810018], [-0.023874564774469954, 0.9992210220622639, 0.03142219320283238, -24.88187549941408], [0.08988413417066105, -0.029158357601275876, 0.9955253048548733, -11.183153940274902], [0.0, 0.0, 0.0, 1.0]], [[0.935591332024539, -0.3465567579193543, -0.06758160238532653, 40.52355196136307], [0.34619634437615426, 0.9380016442276246, -0.01734954082550098, -8.986375525290633], [0.06940425477684911, -0.00716442368193825, 0.9975628904746662, 13.584842893631851], [0.0, 0.0, 0.0, 1.0]], [[0.9972362106138529, 0.06356952779460595, 0.03845588871018882, -21.57152949533369], [-0.06427177057993548, 0.997782331449069, 0.01730775995258834, -14.923813463004436], [-0.03727036016782981, -0.019731553005962233, 0.9991103973380165, 21.292482784344553], [0.0, 0.0, 0.0, 1.0]], [[0.9265507435633268, -0.35864130653737686, -0.11349067295335864, 47.21535172579554], [0.3569106866893651, 0.9334475177014472, -0.03592343836453089, -4.799177902862214], [0.11882121582094983, -0.00722114548861393, 0.9928894065950454, 33.32824845427886], [0.0, 0.0, 0.0, 1.0]], [[0.9446722548294932, -0.32258662388003384, -0.059432323268069846, 30.994307796176212], [0.32248481230533316, 0.9465040374859409, -0.011560832807534917, -24.58189619341341], [0.05998230395502202, -0.008244823617972609, 0.9981653901512275, 8.890321987655822], [0.0, 0.0, 0.0, 1.0]], [[0.9839308937459311, -0.17343704869915244, -0.042421533103624016, 28.846899319113838], [0.17128832637101374, 0.9839546765017525, -0.04993499613845617, 4.980631111199389], [0.050401444238742155, 0.04186627197229846, 0.9978511460582639, -0.49902587233290197], [0.0, 0.0, 0.0, 1.0]], [[0.9985788859688948, 0.0414317717458248, -0.033520393600375, 2.8298059439820538], [-0.04199963544951501, 0.9989827289187861, -0.01641761079099915, -9.955004916579714], [0.03280608357042992, 0.017802123805286816, 0.9993031798552382, -19.121637088188045], [0.0, 0.0, 0.0, 1.0]], [[0.9800187483242119, -0.1988617330365517, 0.004155005023020344, 15.55449800456043], [0.19867545648470322, 0.9776699227478779, -0.06848054573927978, -0.5466197142307514], [0.009555936565128684, 0.06793771623961273, 0.9976437995539814, 13.107648593205479], [0.0, 0.0, 0.0, 1.0]], [[0.9962696093016149, -0.06261720370635611, 0.05937972197643315, -23.143089109465574], [0.06717016964294756, 0.9946830773045504, -0.0780624367675229, -7.214775321420339], [-0.05417595308012075, 0.08175977937802033, 0.9951785290006584, -4.4698731015040885], [0.0, 0.0, 0.0, 1.0]], [[0.9977114206802397, 0.06550990672747843, 0.0167443472482936, 1.1908579010753522], [-0.06575645498334917, 0.9977285397948554, 0.01462359418366999, 2.5823195359059254], [-0.015748322838865268, -0.015691175844498677, 0.9997528581246353, 56.95265835956351], [0.0, 0.0, 0.0, 1.0]], [[0.9999876453568015, -0.0017126123932781298, -0.004666486103135169, -6.2530383496167286], [0.0017298925115536194, 0.9999916531160893, 0.0037015091582427552, -13.972478095911255], [0.004660107902059146, -0.0037095359467828833, 0.9999822612113671, 36.636967551218184], [0.0, 0.0, 0.0, 1.0]], [[0.9337703907102961, -0.3557453409744929, -0.03896292863327717, 37.54012723032276], [0.35782712395509714, 0.9298387028085882, 0.08578890441813534, -44.54287697122579], [0.005710235963932312, -0.0940491314908438, 0.9955511810404588, 12.629961907796153], [0.0, 0.0, 0.0, 1.0]], [[0.9736677658237616, -0.22488041008676332, -0.03741500975508029, 16.70731530544839], [0.22714700154588097, 0.9709377534543848, 0.0753930938857675, -58.8592929167022], [0.019373215646330263, -0.08190653256097273, 0.9964517040174891, 5.795891319363911], [0.0, 0.0, 0.0, 1.0]], [[0.9907361908515296, -0.13566646470280702, -0.006034110708422044, 13.342611843640984], [0.13545092326190825, 0.9903957670271569, -0.02773575386007354, -3.5813385209956206], [0.009738969375457842, 0.02666148926320452, 0.9995970775596384, 18.981210396511127], [0.0, 0.0, 0.0, 1.0]], [[0.9946312553995325, -0.1008381906548981, 0.02324489380049894, -10.783741433018145], [0.10151087098553317, 0.994386669369733, -0.029844511246236334, -18.98626574268044], [-0.020104946011081076, 0.0320438931032844, 0.9992842338697611, -12.731547404305463], [0.0, 0.0, 0.0, 1.0]], [[0.9969573389905634, -0.07606115089207889, 0.017051849102909005, -0.7798682284433752], [0.07621780960053902, 0.9970529496020214, -0.008732765289698494, -12.906504728579172], [-0.016337372265819123, 0.010005849033509621, 0.9998164697846138, 9.754616893560382], [0.0, 0.0, 0.0, 1.0]], [[0.9983996659882314, -0.043088530032310245, 0.03662629566638449, -23.461448870714584], [0.04349886734192217, 0.9989984977593849, -0.01048093576265644, -24.098847498540287], [-0.03613800623383323, 0.012057365141098394, 0.9992740687375492, 4.191893361670323], [0.0, 0.0, 0.0, 1.0]], [[0.9733259071393879, -0.22911765824221578, -0.011907021999236588, 20.487492801507507], [0.22930312633474542, 0.9731942036799622, 0.017695145572604713, -18.639756233740012], [0.00753357447689654, -0.01995346098618055, 0.999772526453031, 33.38930895361135], [0.0, 0.0, 0.0, 1.0]], [[0.9438049048028705, -0.329989957619784, 0.018410039113065234, 9.542321203284956], [0.32858686978691515, 0.9428655472839578, 0.055092910147888696, -49.399132605374874], [-0.03553829868871159, -0.0459476616926242, 0.9983114953316404, 28.92600911076334], [0.0, 0.0, 0.0, 1.0]], [[0.9927920624695153, -0.11925746181603694, -0.011898676343336079, 12.201559587879434], [0.11861174071085988, 0.9919160695780058, -0.04509729347156517, -2.4467813559395535], [0.01718067702585452, 0.043360912284190006, 0.9989117356517622, 6.5334511003589055], [0.0, 0.0, 0.0, 1.0]], [[0.9982225814179124, 0.024002684975440954, 0.054548593577931466, -31.314492756775692], [-0.021202939403875725, 0.9984562661842487, -0.05133731467504018, -6.208886397391598], [-0.055696618461053615, 0.0500894762537828, 0.9971905189383955, -9.129303961188809], [0.0, 0.0, 0.0, 1.0]], [[0.9879344942424657, -0.14668760362250774, -0.0496808014163729, 18.91317472778278], [0.14855788529753738, 0.9882373407962639, 0.03629756151386893, -18.17651277868562], [0.043772020764533646, -0.0432400878747421, 0.9981053576645987, 38.306966391092786], [0.0, 0.0, 0.0, 1.0]], [[0.9398564324765329, -0.3403811362699154, -0.02847048303222833, 19.52552065949885], [0.3414964816227122, 0.938111230614185, 0.057684244251350686, -49.86872215300325], [0.007073851270397918, -0.0639374777977844, 0.9979288349181347, 33.37009652578396], [0.0, 0.0, 0.0, 1.0]], [[0.9965314710469823, 0.08260243401948957, -0.01009282452994627, -1.4880251583383428], [-0.08277384284383092, 0.9964067815327312, -0.017944822552662085, 1.5195623536930138], [0.008574272785560659, 0.018718002287573546, 0.9997880366540497, 36.78865727380749], [0.0, 0.0, 0.0, 1.0]], [[0.9137351260139785, 0.4062949284308206, -0.003542685367393435, -36.60968503703466], [-0.40630127511037906, 0.9136215832216618, -0.014658666897978413, 13.980302532517678], [-0.0027190682039911858, 0.014833536427308098, 0.9998862799664571, 26.588129053325158], [0.0, 0.0, 0.0, 1.0]], [[0.9879661006834948, -0.14552624158192576, -0.05239367243558893, 24.158291793271406], [0.1437063181727224, 0.9889287777475939, -0.03699144035973846, 3.901872073582308], [0.05719683572968953, 0.029016987329610815, 0.9979411487802392, 30.16073824797566], [0.0, 0.0, 0.0, 1.0]], [[0.9117606718187249, -0.4041453501409537, -0.07320528180476772, 35.89477002519995], [0.4016826967939836, 0.9146041854309532, -0.0463701961231167, -25.82514607980393], [0.08569415628257461, 0.012873226154676318, 0.9962383206981101, 10.832170402452684], [0.0, 0.0, 0.0, 1.0]], [[0.986857441987563, 0.15702073980552217, 0.03816905113688859, -16.69485026120133], [-0.1565477012612788, 0.98755496627347, -0.01509986153629897, 6.096456960692695], [-0.040065027437570996, 0.008926133515274279, 0.999157203705651, 19.412196046165526], [0.0, 0.0, 0.0, 1.0]], [[0.9954725574662134, 0.08545462741385018, 0.04161603038783318, -32.02689036372689], [-0.08561822568839478, 0.9963256732390673, 0.0021615445156465203, -15.157376140074115], [-0.04127840551247234, -0.005714848929068302, 0.9991313395845767, 14.720891718425856], [0.0, 0.0, 0.0, 1.0]], [[0.882131429935511, -0.4680209090602375, -0.052920402515113096, 44.85998313442216], [0.47018724038287, 0.8816382046921103, 0.04047264518679024, -21.527806281762963], [0.0277146044726141, -0.06058469039042755, 0.9977782298633426, 38.25508963259593], [0.0, 0.0, 0.0, 1.0]], [[0.8715298038060373, -0.487234195193782, -0.05512386154538561, 45.45137813403875], [0.48731161693388275, 0.8731322620654425, -0.012939897285768089, -31.996627119333713], [0.05443518236482632, -0.015584991958585634, 0.9983956725399796, 11.574599408530899], [0.0, 0.0, 0.0, 1.0]], [[0.2819861050092986, -0.9580709510326816, -0.05083197191744022, 93.9593684475723], [0.9563237509430924, 0.28493381588672295, -0.06525031759587584, -3.8686407661444204], [0.07699818156174831, -0.03021213914243971, 0.9965733824885249, 19.609135323464557], [0.0, 0.0, 0.0, 1.0]], [[0.027441560328943553, -0.9989300878406459, -0.03722419070170956, 121.57914285179697], [0.9990987582421791, 0.028614458714531353, -0.03135098134693442, -11.684181563099475], [0.032382588618799474, -0.03633032286064454, 0.9988150357274317, 12.089603885958416], [0.0, 0.0, 0.0, 1.0]], [[0.9721224284241139, 0.23432699668716028, -0.008297154836524176, -3.271303698397159], [-0.23446177427670328, 0.9711045202140666, -0.04453860373688311, 18.919368350902367], [-0.002379192683638734, 0.045242341267738094, 0.9989732078483331, 22.616368554710885], [0.0, 0.0, 0.0, 1.0]], [[0.9975689829778539, -0.06912859729477241, -0.00879552366766743, -1.4443419907582724], [0.06869023499793263, 0.9967117510572788, -0.04298065751314319, -12.706524336870498], [0.01173779436095714, 0.04227200421544374, 0.9990371874175404, -0.2713556996742134], [0.0, 0.0, 0.0, 1.0]], [[0.9974375616853955, 0.06989214095887801, 0.015277407217105615, 1.0247999842790585], [-0.06948504688450417, 0.9972512216273746, -0.025726041712006514, 8.920071603718768], [-0.01703346114420698, 0.024598568960286307, 0.9995522855791754, 2.561969592902294], [0.0, 0.0, 0.0, 1.0]], [[0.885566052438342, -0.4586257913377297, -0.07372347176181457, 46.37665995318679], [0.4573570468889913, 0.8886230666879149, -0.03425751028822259, -30.20996632334709], [0.08122375532906001, -0.003380661179080269, 0.9966901588258205, -20.25612365529594], [0.0, 0.0, 0.0, 1.0]], [[0.9812085905098338, -0.19284595002052404, 0.006335729665162116, 9.153731922688154], [0.1927646578110271, 0.9811763514465293, 0.011608361687826467, -19.017321526303217], [-0.008455093654486046, -0.010168919448952408, 0.9999125484103785, -3.7429890456175374], [0.0, 0.0, 0.0, 1.0]], [[0.9410784664760753, -0.33606770666643265, 0.03781291407712994, 1.1807853075634713], [0.3359323688248193, 0.9418322982788637, 0.010068043230956131, -41.28141759296868], [-0.03899696796913037, 0.0032277631138965725, 0.9992341157278892, -15.01543737110752], [0.0, 0.0, 0.0, 1.0]], [[0.970306750466383, -0.24170136789286584, 0.009233566921239205, 14.129336596847049], [0.24183383896300983, 0.970150514371356, -0.018010380268341286, -9.292029420956169], [-0.004604816150993766, 0.019708582488723193, 0.9997951627431001, 13.071650636802358], [0.0, 0.0, 0.0, 1.0]], [[0.9672381487784897, -0.2535900830959244, -0.01193454242801118, 9.690046119010072], [0.2535501969605241, 0.967310472848733, -0.004769354090661449, -30.97877973591691], [0.012753868779437474, 0.0015870956382645278, 0.9999174065684607, 9.67082682187531], [0.0, 0.0, 0.0, 1.0]], [[0.9428958410332712, -0.31197078050487964, 0.11671188916874844, -15.236597941308853], [0.3067382113187323, 0.9498466398282721, 0.06085253095746723, -34.99160642719711], [-0.12984260733344366, -0.02157760223289219, 0.9912998055092785, 44.888465620178714], [0.0, 0.0, 0.0, 1.0]], [[0.9005852976195564, -0.4173297946161347, 0.1215811014802528, -18.119981427230783], [0.4076170795204647, 0.9079590794160123, 0.09725547074194554, -71.85513204106309], [-0.15097827060442637, -0.03802831355300311, 0.98780534984055, 40.630248347860416], [0.0, 0.0, 0.0, 1.0]], [[0.9978586608002284, -0.024463690964024277, 0.06065987875351613, -5.278114145575543], [0.02641583291106765, 0.9991517349312136, -0.031591365205680344, 5.392151985725011], [-0.059835581701769336, 0.03312609859854963, 0.9976584409275803, 35.68164062248353], [0.0, 0.0, 0.0, 1.0]], [[0.9734278600861576, -0.2271328139424336, 0.029135648931775695, 3.463146912032316], [0.22692203679798995, 0.9738574889350804, 0.010391364708791175, -32.99950727192495], [-0.030734189814202985, -0.0035037231128236916, 0.99952145224643, 13.128507914748651], [0.0, 0.0, 0.0, 1.0]], [[0.9626350047013453, -0.2705997964311821, -0.010468901329195235, 20.256410065436498], [0.270623831786364, 0.9626847284249939, 0.000924838667122957, -20.55719656657175], [0.009827990277949209, -0.0037234162669740702, 0.9999447718641252, 1.9539544900119663], [0.0, 0.0, 0.0, 1.0]], [[0.9178461322063989, -0.39664456127889247, -0.015217411134186364, 23.11312907425974], [0.3969301245751962, 0.9173719344452337, 0.029583949988613654, -52.26638483122668], [0.0022257130252866294, -0.033193762969641126, 0.9994464569457648, -16.207424496567494], [0.0, 0.0, 0.0, 1.0]], [[0.9519027704073771, -0.30161795143464487, 0.05392334432443341, 7.4428252642758], [0.2998850298862023, 0.9532198796409842, 0.037958265336849505, -25.862764835403908], [-0.06284969801768886, -0.019961774209708624, 0.9978233526178308, 35.36673314026158], [0.0, 0.0, 0.0, 1.0]], [[0.999184084447793, -0.03153098312682741, -0.02523811580293922, -1.0013008160850274], [0.03148906139477415, 0.999501980172397, -0.002056852920161652, -22.60099371632264], [0.02529040131557799, 0.0012604501238683186, 0.9996793520258307, 12.226975716564557], [0.0, 0.0, 0.0, 1.0]], [[0.9621063586952976, -0.27142002710514146, -0.026125149651602515, 26.714496516955563], [0.27224071502266484, 0.9615587936257274, 0.03591210777699481, -23.18315196537379], [0.01537360211605179, -0.04166359666762392, 0.9990134118572658, 27.02833045597764], [0.0, 0.0, 0.0, 1.0]], [[0.9474062121482429, -0.3132805861775292, -0.06539681572666071, 33.690665206177385], [0.3166864373824076, 0.9471921371574611, 0.05036621571178198, -49.81289474617971], [0.04616459206969732, -0.0684275502363705, 0.9965874275785788, 1.149453386131558], [0.0, 0.0, 0.0, 1.0]], [[0.9795719995735579, -0.1996932252759833, 0.023692054160281573, 6.489949924504279], [0.19979925238226084, 0.9798344464312572, -0.002171712282936187, -10.136514677570014], [-0.022780614542807873, 0.006861003252118549, 0.999716945057662, -16.143833194888913], [0.0, 0.0, 0.0, 1.0]], [[0.9062978814801524, -0.42208704188993273, 0.021602756610885114, 12.459925780856567], [0.42212239111185673, 0.9065334802873135, 0.0031202628377434275, -42.91803224886548], [-0.02090064464536773, 0.006291119675686189, 0.9997617640551318, -21.868437906850797], [0.0, 0.0, 0.0, 1.0]], [[0.9610513500984357, -0.27631053277681067, 0.005726425636335148, 18.494147186836372], [0.27580243920423686, 0.9601993478578842, 0.044161373419390804, -28.768157906049186], [-0.017700762779233263, -0.040861985388483825, 0.9990079985401242, 9.138827790923184], [0.0, 0.0, 0.0, 1.0]], [[0.9311694616425915, -0.3643602187052795, 0.012847751915577268, 11.01539641721844], [0.3640186657542981, 0.9311076090467075, 0.023000681680793642, -43.30551920664772], [-0.020343172975322933, -0.016740710867866583, 0.9996528917143841, -7.019007418322513], [0.0, 0.0, 0.0, 1.0]], [[0.9885317910557607, -0.11442257326325354, -0.09855137137508559, 31.91779644275296], [0.11850612454295234, 0.9922781579460316, 0.03661086872838663, -18.82032201638048], [0.0936012634418197, -0.04786994872623388, 0.9944582804175595, 14.14050619364967], [0.0, 0.0, 0.0, 1.0]], [[0.7440320601382019, -0.6521737306412662, -0.14520922335704614, 79.48650410957072], [0.6537398839995235, 0.7554754501499342, -0.0433705924451688, -38.46835985891903], [0.1379871644566743, -0.06265994958670294, 0.9884499345758491, 0.06634952235656255], [0.0, 0.0, 0.0, 1.0]], [[0.7987184982519577, -0.5946431864196585, -0.09191431550532911, 61.787573350335045], [0.5932152378824035, 0.803777487024228, -0.04513793191031026, -11.374148117041338], [0.10071962119796601, -0.01847247134768997, 0.9947433466518109, 11.224959719874942], [0.0, 0.0, 0.0, 1.0]], [[0.8783843081562219, -0.4760126248778572, -0.04304634876279681, 38.18913132217004], [0.4752101176179661, 0.8794290032239299, -0.02792798600114484, -28.226967615414253], [0.05115028150885319, 0.00407544420321961, 0.9986826520252118, -3.3006134715032567], [0.0, 0.0, 0.0, 1.0]], [[0.9032406521781003, -0.4103506708126268, -0.1255732902193112, 53.848545704920184], [0.415371108184619, 0.9095183135431568, 0.01559742975907841, -22.57998440193055], [0.10781079138174288, -0.0662477493446763, 0.9919617275723916, 42.82238788091216], [0.0, 0.0, 0.0, 1.0]], [[0.6312603961805245, -0.7649821