[[[0.9996528018684535, 0.005467406138914829, -0.025775631644300013, 11.1587440143557], [-0.01056706631010204, 0.9793089838291966, -0.20209465925902814, 22.613984244693064], [0.02413737405246045, 0.20229686517970824, 0.9790267440230194, -6.9652796150609], [0.0, 0.0, 0.0, 1.0]], [[0.9565937257373167, -0.2905956271619606, 0.021968735838647998, 13.909292968769845], [0.2897399074156297, 0.9402622009117331, -0.1787673896084166, -10.27296963991802], [0.03129264978846873, 0.17737298275377797, 0.9836460720494178, -29.429110610824], [0.0, 0.0, 0.0, 1.0]], [[0.997309514195677, 0.06307946473721575, 0.03734587023016419, -2.981758292596907], [-0.06005982641287676, 0.9952129568816024, -0.07709726134068784, 12.177739655808093], [-0.04203034791715415, 0.074646845770237, 0.9963238922511682, 46.78225449148846], [0.0, 0.0, 0.0, 1.0]], [[0.9905281005921552, 0.1341432345207285, -0.029320207530225195, -10.920409818161197], [-0.13477534144902603, 0.9906587518283478, -0.020756800408497363, -5.823601258259768], [0.026261935850143987, 0.02451183506424177, 0.999354532019136, 27.077380917616473], [0.0, 0.0, 0.0, 1.0]], [[0.9382277935422373, -0.32561517733328865, -0.11706136730396752, 45.92039162939106], [0.32264216668487794, 0.9454957005795558, -0.04404443736118469, -6.313321716854558], [0.12502255677177257, 0.0035547821011472427, 0.9921475312787228, 27.414182423408157], [0.0, 0.0, 0.0, 1.0]], [[0.9016962385240546, -0.43115448946884255, -0.032399068542693095, 33.897512557325854], [0.4310731469531707, 0.9022636107198798, -0.009814211461786956, -34.10720639855959], [0.033463941899637126, -0.0051169308758772306, 0.9994268265415679, 12.379960774746118], [0.0, 0.0, 0.0, 1.0]], [[0.9720485715417272, -0.2338899216834261, -0.020422514502683696, 21.668988461523767], [0.23368591029895106, 0.9722393705588834, -0.011895447154938111, -18.073317057645493], [0.022637797848776665, 0.006790498522654509, 0.9997206706067312, -0.2608157113938882], [0.0, 0.0, 0.0, 1.0]], [[0.9623629853270494, -0.25841958756205674, -0.0841237257654761, 28.999233649209618], [0.2599881903002931, 0.9655780892939884, 0.008068108808538896, -37.312782281907666], [0.07914306903821149, -0.029635624502013222, 0.996422653487759, -13.806526324898611], [0.0, 0.0, 0.0, 1.0]], [[0.9171243580394075, -0.3983114080314398, -0.015196516798933598, 27.539530984413723], [0.3979220516147679, 0.9171207005533719, -0.023402167745515106, -8.399627692446025], [0.023258390518313105, 0.015415668928306099, 0.9996106264050988, 46.36440347494245], [0.0, 0.0, 0.0, 1.0]], [[0.9184550269467824, -0.3955126197397383, 0.0031829393326910905, 21.113096208604176], [0.3955143561701402, 0.9183393694385054, -0.014872679738672734, -28.52513417982663], [0.002959314026248072, 0.014918785671051456, 0.9998843294574605, 41.280282810862836], [0.0, 0.0, 0.0, 1.0]], [[0.9340927630673613, -0.35635032935194777, -0.0220261834173863, 29.609093691148058], [0.35675276907626785, 0.9340209848915079, 0.018228042646149842, -21.252796912370655], [0.014077348528511332, -0.02488458464698619, 0.9995912092977562, 9.093016371611148], [0.0, 0.0, 0.0, 1.0]], [[0.9551711610625033, -0.29205281685710666, 0.04850984683899251, -3.795179274536475], [0.28971260677189614, 0.9558105169141564, 0.049928561302393676, -48.965942122625485], [-0.060947998752590694, -0.03363640768755771, 0.9975740240833924, 4.225284643196174], [0.0, 0.0, 0.0, 1.0]], [[0.9836852819926416, -0.17521741912260963, 0.0407691308108112, 0.5616843710502327], [0.17274185534575398, 0.9832629442351499, 0.05791574833955225, -28.916767457575187], [-0.05023462354555716, -0.049928333940114145, 0.9974886686410038, 25.79459103350803], [0.0, 0.0, 0.0, 1.0]], [[0.9361014220352594, -0.35169205378623913, -0.005179475570186897, 15.482049262740167], [0.351218556852389, 0.9338444169346337, 0.06767665980629918, -63.28102679797906], [-0.01896451913680158, -0.06517134541828633, 0.9976938622394539, -3.04839161691015], [0.0, 0.0, 0.0, 1.0]], [[0.9984858844969908, 0.030937576031437316, 0.045484116453565926, -9.502170363897678], [-0.030108998939896745, 0.9993699820878549, -0.018790611606798416, -0.41180577670996377], [-0.04603679662074466, 0.01739267923637101, 0.9987883199486669, 16.66863124240341], [0.0, 0.0, 0.0, 1.0]], [[0.9734833894561318, -0.2255996564807053, 0.03787988184762328, -4.928366134678279], [0.2259613992016623, 0.974120725488401, -0.00550074947445502, -31.125537226300484], [-0.03565861079499819, 0.013914279346824097, 0.9992671596257081, 5.677296472324174], [0.0, 0.0, 0.0, 1.0]], [[0.8768388502651892, -0.47692656446162435, -0.060783902280557585, 51.33733551691921], [0.47665861176239677, 0.8788661127191228, -0.019771791692247978, -10.439933582406574], [0.0628506045982474, -0.01163649538343821, 0.9979551059425594, 22.086668780392195], [0.0, 0.0, 0.0, 1.0]], [[0.9840505862633863, -0.1741355183556686, 0.03634920799257496, -4.876974471878293], [0.1731824323831824, 0.9844937902308902, 0.027925295175902035, -32.57929098610846], [-0.0406483552991919, -0.021184858834068204, 0.9989489040825126, -0.9849475044725289], [0.0, 0.0, 0.0, 1.0]], [[0.766455200269614, -0.6350387561986187, -0.09629228476558696, 70.81825367765622], [0.6364204930342074, 0.7710934797897614, -0.01959085173779412, -17.515599034752025], [0.0866913030572434, -0.04626687315376178, 0.9951602857946105, 19.670085590486686], [0.0, 0.0, 0.0, 1.0]], [[0.7206297550791521, -0.6890817203895957, -0.07654501106848982, 70.94493018255608], [0.6908337858743469, 0.7229975383772335, -0.00482076705251923, -38.701270025255056], [0.058663757031723794, -0.049405891605888076, 0.9970544726771691, 15.268847462284555], [0.0, 0.0, 0.0, 1.0]], [[0.9933605731591304, -0.11292725633338337, -0.021959200121531165, 19.67643390201246], [0.11415136355649966, 0.9912551575383988, 0.06620180399140688, -29.61296030480883], [0.014291182286815605, -0.06826893459355528, 0.9975645917324397, -6.258506282117674], [0.0, 0.0, 0.0, 1.0]], [[0.9983226103784333, 0.056888129796111, 0.01075668608317228, -13.654340835747009], [-0.05736732994792719, 0.9970351017004669, 0.05128348108100362, -29.554860720251636], [-0.007807372274763137, -0.051814541061760123, 0.9986262054806705, -10.721008209236512], [0.0, 0.0, 0.0, 1.0]], [[0.9689483225140407, -0.23958746718682453, -0.061130956676894006, 24.633914645492787], [0.2386208170506687, 0.9708460788668568, -0.022759543469096116, -11.857199158148488], [0.06480165096123136, 0.007465702636236583, 0.9978702367125935, 22.986820468570247], [0.0, 0.0, 0.0, 1.0]], [[0.9948571170792803, -0.09928652381448652, -0.020037534417665172, 1.7221812812630823], [0.09915717159051644, 0.9950446281290163, -0.007351418485999167, -20.60190242643477], [0.020668137769828402, 0.005326745762921151, 0.9997722009841556, 6.396546165895493], [0.0, 0.0, 0.0, 1.0]], [[0.9672865903512681, -0.2536482183896035, 0.004385593961358457, 16.09855513747834], [0.2535548068076885, 0.9671975667043949, 0.015454025553506402, -16.29314280586965], [-0.00816162185657371, -0.013836483255243393, 0.9998709615044288, 0.00600425659334324], [0.0, 0.0, 0.0, 1.0]], [[0.9665843375434968, -0.2562602632563217, -0.006737647319532819, 7.842039611239386], [0.2563020607733945, 0.9665761589344048, 0.006307346742031035, -32.716146660722316], [0.004896126929806944, -0.007823455465063795, 0.9999574098358754, -7.988187260183182], [0.0, 0.0, 0.0, 1.0]], [[0.9842200971198304, -0.16366678010665922, -0.06726057920468684, 30.85224591966521], [0.1604611797516486, 0.9857435699941167, -0.05061446441444244, 1.763133484640064], [0.07458558988263497, 0.0390230611916875, 0.9964507968169266, 11.263177985303658], [0.0, 0.0, 0.0, 1.0]], [[0.915978781855948, -0.39851305748546106, -0.04658555788312767, 35.287031767560265], [0.3953242789317428, 0.9162422585038079, -0.06495258438998121, -22.882771579058666], [0.06856810976533076, 0.04107878704915032, 0.9968003549245867, -0.3880030458434698], [0.0, 0.0, 0.0, 1.0]], [[0.9760666808177059, -0.21438685726046214, -0.036498082572731086, 29.1060727423884], [0.21428014396717812, 0.9767481778710598, -0.0068568890153810945, -11.236199661426227], [0.03711946253529392, -0.001128033486232354, 0.9993101986077918, 4.641711935974428], [0.0, 0.0, 0.0, 1.0]], [[0.9848854999364166, -0.1731479576099666, 0.004509633077544513, -0.9227768083801813], [0.1731364072225766, 0.9848937609550183, 0.0028397404705994937, -30.085362161061806], [-0.004933204744896628, -0.0020160375441379053, 0.9999857994409558, -21.10464951869908], [0.0, 0.0, 0.0, 1.0]], [[0.9730643495158249, -0.22996402166335833, 0.01619630951045317, 12.816067713287822], [0.22960730277001665, 0.9730513997911434, 0.021247585255160836, -17.933645504814873], [-0.020646021796508877, -0.016956476783571567, 0.9996430461314998, 42.8588727934462], [0.0, 0.0, 0.0, 1.0]], [[0.9572393758328852, -0.2869282051173816, -0.036945669072140926, 18.101256401964708], [0.28816528101144345, 0.9569724454664804, 0.03412490934058422, -41.03352989780856], [0.025564588294474732, -0.04331216602786384, 0.998734453245361, 17.937209504491747], [0.0, 0.0, 0.0, 1.0]], [[0.9694909306499231, -0.2439870805863423, -0.02361440015126437, 24.893534615511836], [0.24294737749291184, 0.9692193798074766, -0.03987938784546992, -0.0005006082938185802], [0.032617589685120636, 0.032925648248235885, 0.998925419904094, 15.006363230188384], [0.0, 0.0, 0.0, 1.0]], [[0.9766624209943517, -0.21429282079952522, -0.014460372444566081, 11.19159547336235], [0.21342431845969945, 0.9758480334048345, -0.04659051394796664, -15.216728914052482], [0.024095138668740603, 0.04241700901413722, 0.9988094020576856, -2.5008889862655588], [0.0, 0.0, 0.0, 1.0]], [[0.9375379405148491, -0.34261407584563963, -0.06031753582177962, 36.40844954848855], [0.34472555623734635, 0.9382649881443519, 0.0286897699420937, -22.59435158697801], [0.04676431301778417, -0.04769074391238443, 0.9977668525126777, 25.272613115140004], [0.0, 0.0, 0.0, 1.0]], [[0.8802159819313846, -0.4734724609842549, -0.032305631739431864, 34.32352952963073], [0.47439539837430394, 0.8797087625482383, 0.0325806552594175, -45.964177801678815], [0.01299350429467867, -0.04400365649989743, 0.9989468689879282, 7.489429902810019], [0.0, 0.0, 0.0, 1.0]], [[0.9821335711657767, 0.18759875603057066, 0.014844363406419578, -7.0921493433595195], [-0.1878587579917216, 0.9820189607657803, 0.018650676725072673, 3.4784473203982738], [-0.011078602572849785, -0.02110609940936181, 0.9997158581980957, 34.02571036471872], [0.0, 0.0, 0.0, 1.0]], [[0.9991405753435614, -0.03104213552325366, -0.027468100121633567, -1.6421513248358612], [0.031290811916036824, 0.9994727178718261, 0.008670139533847043, -19.94025337840177], [0.027184477036929375, -0.0095221873567538, 0.9995850799987805, 19.195791604179682], [0.0, 0.0, 0.0, 1.0]], [[0.9934663043112774, -0.11269617120283658, -0.01800764266387963, 19.08982779553624], [0.11334662889083395, 0.9927299947845473, 0.040493199109897925, -18.436185708648125], [0.013313298508355623, -0.04226973445967259, 0.9990175301923053, 9.05046074656405], [0.0, 0.0, 0.0, 1.0]], [[0.9885806437463553, -0.14735455782872015, -0.03154275031039521, 9.549653736896955], [0.14898968245992794, 0.9871368038211104, 0.05799142231684159, -42.86126330035984], [0.02259170933177407, -0.06202874195840862, 0.9978186457671181, -6.474819089953266], [0.0, 0.0, 0.0, 1.0]], [[0.9141928242803979, -0.40383479989458726, 0.03418968306851839, 15.189013709476113], [0.4048602836871431, 0.9138277971310632, -0.03173181185105881, -21.508280684781088], [-0.018429072873948377, 0.04285103948194758, 0.9989114864132455, -2.254760251372894], [0.0, 0.0, 0.0, 1.0]], [[0.9710902758104016, -0.2321564272765311, 0.055561402976089566, -17.400192610409906], [0.23309105325889154, 0.9723939604683457, -0.010887907757964145, -34.98396146549147], [-0.05149987492349217, 0.02352400728791809, 0.9983959054222842, -19.957014890681407], [0.0, 0.0, 0.0, 1.0]], [[0.6380592489171161, -0.7645463100611396, -0.09137469366964479, 79.23358703935065], [0.766445444111099, 0.6420054764841887, -0.01975726108679104, -20.391041007540274], [0.07376839480879764, -0.05742741450044919, 0.9956205682844886, 16.774224655387584], [0.0, 0.0, 0.0, 1.0]], [[0.8022986956183881, -0.5929457848737235, -0.06879025519302526, 55.708916149019096], [0.5941332991636432, 0.8043571747417998, -0.0038933618271438587, -44.766979459328205], [0.057640487801222426, -0.03774694215265302, 0.9976235474988376, 6.238323321010963], [0.0, 0.0, 0.0, 1.0]], [[0.8625325034975354, -0.5043213514151811, -0.04120260813394138, 42.182556562599615], [0.5043855882399934, 0.8634253475651616, -0.009583713151885465, -17.184647804424664], [0.04040864741697383, -0.012515737642961955, 0.9991048481141435, 11.22312239209187], [0.0, 0.0, 0.0, 1.0]], [[0.9935376297563174, -0.1063317208540449, -0.0397057098969308, 8.427968983257172], [0.10694637483296451, 0.9941706045671165, 0.01368509863838384, -28.30327042773561], [0.03801908952472149, -0.017843042197807385, 0.9991176981101081, 3.614602525609315], [0.0, 0.0, 0.0, 1.0]], [[0.9972763051863274, 0.07233063541687616, 0.014430879879592254, -5.572167059332986], [-0.07281665659862244, 0.9966731661835678, 0.03661057676986209, -11.892483096094672], [-0.01173480445966549, -0.037561669156396645, 0.9992254076906163, 32.210686384463344], [0.0, 0.0, 0.0, 1.0]], [[0.9944248256617724, 0.10305544749836092, 0.02233474531904516, -25.589266596447914], [-0.10385077316116693, 0.9938673456733618, 0.037983103059332765, -22.793594636339815], [-0.01828340836337406, -0.040090821207610726, 0.9990287498533367, 15.239562659098825], [0.0, 0.0, 0.0, 1.0]], [[0.9832670910997234, -0.15086223290739834, -0.1021098146236768, 32.71317921561872], [0.1486705478152239, 0.9884676501252408, -0.028788415520869314, 1.296606827744428], [0.10527533316313413, 0.013125979509162278, 0.9943564817957957, 14.63920014532902], [0.0, 0.0, 0.0, 1.0]], [[0.9804343573250636, -0.1841497989587101, -0.06955086282753886, 19.342907493891193], [0.1822460640409042, 0.9827041802560452, -0.03284609944715044, -17.723257128375952], [0.07439652625080777, 0.019528073401134282, 0.9970375174641382, 3.3170007917871436], [0.0, 0.0, 0.0, 1.0]], [[0.9997941741440176, 0.004269402553448366, 0.019833848580548475, -6.225191135427921], [-0.0045255654819217825, 0.9999066977555986, 0.012888562393053991, -2.400096428229346], [-0.019776971576769643, -0.012975668974176877, 0.9997202125644569, 21.85268122354393], [0.0, 0.0, 0.0, 1.0]], [[0.987233064572394, -0.1395522335082488, 0.07678574306379711, -26.325984945051225], [0.13712748341390482, 0.989898324855176, 0.03601888034744477, -35.21978106326163], [-0.08103659363256493, -0.02502959391946905, 0.9963968034476296, 12.42487072915357], [0.0, 0.0, 0.0, 1.0]], [[0.9358772020283928, -0.350620568981573, -0.034627724882623154, 32.641683310500646], [0.3502171314341111, 0.9365087904360262, -0.017298736546769476, -14.836526164855691], [0.03849446159606748, 0.0040622706815350495, 0.9992505563587836, 9.002769217262268], [0.0, 0.0, 0.0, 1.0]], [[0.925468911954387, -0.3786879699184621, -0.010134813515696462, 21.207929523074153], [0.37860785907473904, 0.9255135731064417, -0.008984155084966791, -38.47563954963971], [0.01278209892023838, 0.004477436184014135, 0.9999082810500234, -14.74316929873761], [0.0, 0.0, 0.0, 1.0]], [[0.9703684446876789, -0.24160422561441006, 0.0035326646712062664, 19.109116672634713], [0.24161652015033042, 0.9703651190748573, -0.0036045628428462728, -15.479523181951059], [-0.0025570969600022583, 0.004351304184306601, 0.9999872636224107, 2.3864268988367265], [0.0, 0.0, 0.0, 1.0]], [[0.9129639678056175, -0.40801080827179365, -0.004896306977988303, 19.069387038810753], [0.4080357578180365, 0.9129442338942758, 0.0062965181693454345, -39.81104787956141], [0.0019010077553580672, -0.007746362539518955, 0.999968189512506, -30.68551144991467], [0.0, 0.0, 0.0, 1.0]], [[0.9064871001565236, -0.4139441580543198, -0.08325485729083304, 52.01152390475917], [0.4166150916740177, 0.9089247356595147, 0.016961435544459644, -17.756676657407997], [0.06865131199959712, -0.050060552523716724, 0.9963839312442532, 31.692241235112384], [0.0, 0.0, 0.0, 1.0]], [[0.9762710808493866, -0.1965609211132856, -0.09087673513209542, 28.32107778945268], [0.20080916461377207, 0.9788071523365134, 0.04015268287431902, -36.900783773743775], [0.08105834999734003, -0.05744878437341706, 0.9950523509191499, 13.978566494311568], [0.0, 0.0, 0.0, 1.0]], [[0.9628725561999065, -0.269532815312291, 0.015116282178064554, 15.753273721119166], [0.2696346457024098, 0.9629490761875105, -0.005121963154306069, -13.417387438326283], [-0.013175672809851064, 0.009007671144568517, 0.9998726236409109, 16.24345864614481], [0.0, 0.0, 0.0, 1.0]], [[0.9928071934215541, -0.11936017301564282, -0.00932876133749735, -0.3611864936849644], [0.11895345132069743, 0.9922440753372168, -0.03608006897281976, -16.238781844862153], [0.013562931442378731, 0.03471086365771888, 0.9993053601551539, 4.020405051284416], [0.0, 0.0, 0.0, 1.0]], [[0.9455977714363372, -0.31667088428205914, -0.0745949442164196, 39.357827206676866], [0.31583031011235957, 0.9485339590480045, -0.023120202141249706, -2.6777404830721996], [0.0780773326194149, -0.00169693274476261, 0.9969458613938361, 26.194590570842863], [0.0, 0.0, 0.0, 1.0]], [[0.8955367097574042, -0.4406149610619764, -0.06222907331175229, 41.56770662227733], [0.44108460470017574, 0.8974403654252613, -0.006720267990526543, -30.44849395358495], [0.05880793291194619, -0.02143003951764835, 0.9980392679814246, 8.296107613035371], [0.0, 0.0, 0.0, 1.0]], [[0.6771570257424286, -0.7354333652987383, -0.024415726346820665, 60.20940877806363], [0.7346785498909605, 0.6775796367209529, -0.03366399012622751, -13.599481620433236], [0.04130122053627194, 0.00485809700148199, 0.9991349298647015, -3.0882116542685756], [0.0, 0.0, 0.0, 1.0]], [[0.6104336061500265, -0.7918096153360291, -0.020207561557101347, 70.27606585251252], [0.7906363032393892, 0.6106652776388527, -0.044521395825084645, -31.189567371465674], [0.047592525491154905, 0.011200524437350175, 0.998804034718373, -16.91282875696979], [0.0, 0.0, 0.0, 1.0]], [[0.9932630567157512, -0.11082980380298704, 0.033841612737529524, 4.645702503889756], [0.10993051974308213, 0.9935622465220935, 0.027374132223506566, -13.837144736662058], [-0.03665761848103874, -0.023469488170080512, 0.9990522519529885, 37.075609947920995], [0.0, 0.0, 0.0, 1.0]], [[0.9998354037380369, 0.016980493233798365, 0.006389701208511926, -10.894942770753884], [-0.01713951197131025, 0.9995223877260403, 0.025714462153096834, -22.069236072604284], [-0.0059500051581863654, -0.025819746009104427, 0.9996489074443305, 34.7995003805308], [0.0, 0.0, 0.0, 1.0]], [[0.9036773678488333, -0.4271652522071459, -0.02995099571988923, 33.540191634459916], [0.4265492641643441, 0.9041211200682021, -0.024914363075881088, -11.23852175151132], [0.03772187798431334, 0.009738970860734185, 0.9992408180053061, 17.531895838636483], [0.0, 0.0, 0.0, 1.0]], [[0.6699207911303139, -0.7375404523960114, -0.08508945111365082, 76.64184997935885], [0.7349982655585905, 0.6750208555505791, -0.06422144655509239, -30.531461322156566], [0.10480306883483477, -0.019517316702145213, 0.994301458870271, -1.2482188714647817], [0.0, 0.0, 0.0, 1.0]], [[0.9324922272033713, -0.35886690747808603, -0.04089974232697779, 35.94789632346819], [0.3571709567441188, 0.9330306233955721, -0.04339082235407731, -3.2721948059376986], [0.053732242311196984, 0.02585340447962474, 0.998220640746836, -2.2460458553885427], [0.0, 0.0, 0.0, 1.0]], [[0.8922069628202984, -0.44936458540375945, -0.04514648247519704, 37.289521057268075], [0.4481438677142463, 0.8932826358323506, -0.03483111181863637, -27.463275687727194], [0.055980436985536584, 0.010844441217231543, 0.9983729707727429, -2.5372217069213905], [0.0, 0.0, 0.0, 1.0]], [[0.858721379035197, -0.5095421350646008, -0.054446356918545984, 50.03379295416535], [0.5063921224262105, 0.860057858786949, -0.06218921034625981, -4.888025526449928], [0.07851504016792918, 0.025831998231292553, 0.9965781937885305, 20.12505416749115], [0.0, 0.0, 0.0, 1.0]], [[0.8172299426137695, -0.5750852096606129, -0.03757954929348488, 48.27598947253534], [0.572785318092537, 0.8177032169821589, -0.05725756120074541, -29.309280568376984], [0.06365689493780836, 0.02526757935844673, 0.9976519178351931, 14.360868185134711], [0.0, 0.0, 0.0, 1.0]], [[0.9955629523071013, -0.093525786822311, 0.010360269921111378, 7.283789934210795], [0.09382502254842501, 0.9950195082376645, -0.033660709592446124, 3.798761431822608], [-0.007160526332482864, 0.03448340797756358, 0.9993796182817097, -2.525148996651101], [0.0, 0.0, 0.0, 1.0]], [[0.9485890839480591, -0.304662286526578, -0.08578834992572379, 34.32498987268173], [0.3026261131860403, 0.9524241477103451, -0.0361341732454066, -24.74825251407356], [0.09271561590417753, 0.008314687403414983, 0.9956579134124787, -25.07091102884681], [0.0, 0.0, 0.0, 1.0]], [[0.8025210956909055, -0.590479324753508, -0.08540525750625622, 61.913949319110884], [0.5870714593426524, 0.8070524606283561, -0.06335161733535666, -7.193917780670177], [0.10633434344724628, 0.0007020201980285296, 0.9943301838782143, -1.9742789680762776], [0.0, 0.0, 0.0, 1.0]], [[0.8418775833296585, -0.5384330467680696, -0.036496422222863104, 42.38462703353893], [0.5372222204207149, 0.8425746143201844, -0.0382139397266521, -32.32011911270136], [0.051326606874528, 0.012564770242600637, 0.998602877011426, -8.180789678419316], [0.0, 0.0, 0.0, 1.0]], [[0.9419473135242001, -0.3314445625808715, -0.05366339981884355, 37.980841250285046], [0.3308538744380593, 0.9434742712959733, -0.019799322510027275, -11.511446076523672], [0.05719241482808152, 0.0008951749023363779, 0.9983627729177535, 13.229562840058778], [0.0, 0.0, 0.0, 1.0]], [[0.9410311084757649, -0.338053263603561, -0.013432938913569932, 18.088569609428067], [0.3380165114966306, 0.9411269668595391, -0.004987003650766282, -32.92177337912932], [0.014327973915481953, 0.00015237042274102898, 0.9998973377035913, 0.27031750348932254], [0.0, 0.0, 0.0, 1.0]], [[0.9588464072505566, -0.28382672515660445, 0.007480467203254727, 18.96345439028386], [0.28391441086797253, 0.9587074333845873, -0.016512555060661894, -14.592713048233245], [-0.0024848750861141376, 0.017956816533471868, 0.9998356755666353, 12.294677708524778], [0.0, 0.0, 0.0, 1.0]], [[0.9611979868472613, -0.2755130444068061, -0.013820001536515988, 14.594394720025706], [0.274987403417574, 0.9609366255008454, -0.03134852042299771, -29.37208795525082], [0.021917071940305153, 0.026331808383472193, 0.9994129666083097, -4.566112279133893], [0.0, 0.0, 0.0, 1.0]], [[0.987712432483175, -0.13454814353414077, -0.07950438849324197, 30.84458243430543], [0.1404240745259447, 0.9873513314800214, 0.07360996887760529, -27.2582295330792], [0.06859467917921976, -0.08386981159002495, 0.9941129838665995, 21.041836814429555], [0.0, 0.0, 0.0, 1.0]], [[0.9724363077857024, -0.22922744654778354, -0.04268963632188651, 18.156056290067657], [0.2313817867965033, 0.9712958651005973, 0.05519792729206236, -45.77595674962464], [0.02881138731420699, -0.06355407294316782, 0.9975624209909709, 20.77054895257413], [0.0, 0.0, 0.0, 1.0]], [[0.8594998102504839, -0.49718630213587744, -0.11859956638974599, 65.65874606105771], [0.49992840001317596, 0.8660340859287422, -0.0075204301628967775, -20.208386351978533], [0.10645032193305054, -0.05282748316947026, 0.9929136850614615, -8.278438050677297], [0.0, 0.0, 0.0, 1.0]], [[0.975996253198442, 0.20519625646195927, -0.07297814793898484, -6.355834877410599], [-0.20222217053636, 0.9782530818563401, 0.04612051151210486, -15.491755435403745], [0.08085485443787438, -0.03025564695346489, 0.9962665749392887, -12.319827225114931], [0.0, 0.0, 0.0, 1.0]], [[0.9883645976751257, -0.13501423232283843, -0.07004697804158133, 28.12660932021288], [0.13482148212215367, 0.9908415653583544, -0.007494018720974046, -4.17187551593117], [0.07041725655596806, -0.0020370145996185603, 0.9975155440145528, 14.68678046799674], [0.0, 0.0, 0.0, 1.0]], [[0.9984779617152044, -0.04562485132900585, 0.030986011525432303, -12.847517818292822], [0.04444795602209708, 0.9983014655979188, 0.03766381540022533, -26.223530842753554], [-0.03265178669699151, -0.03622922475365215, 0.998809943932899, 20.30744915209115], [0.0, 0.0, 0.0, 1.0]], [[0.9417850415286113, -0.3166897337097975, -0.11290946867188886, 44.431640949388914], [0.3165008679653473, 0.948379827155609, -0.020072469242181694, -7.310910731116489], [0.11343780732248225, -0.01683199355732913, 0.9934025104975089, 35.147132838517734], [0.0, 0.0, 0.0, 1.0]], [[0.94120667717304, -0.33036551199086633, -0.07063015879844925, 32.77477476691766], [0.3306176461900137, 0.9437271420164957, -0.008429320800205302, -26.093434925655846], [0.06944035478492686, -0.01541784383078336, 0.9974669554521355, 11.476327662977729], [0.0, 0.0, 0.0, 1.0]], [[0.9809889890719729, -0.18258293993594618, -0.06575768672858086, 33.528623002652246], [0.17945800619853733, 0.9824583911477476, -0.05069845830618725, 4.078160002041723], [0.07386086467672279, 0.03793388600875509, 0.9965468343040791, -4.8050898724412585], [0.0, 0.0, 0.0, 1.0]], [[0.9889504509188436, 0.1439539836010861, -0.035415480129371096, -3.142397400232461], [-0.14486800861532603, 0.9891414686218045, -0.024747022700303812, -2.0964031821026476], [0.03146848752713724, 0.029604149338861945, 0.999066228352594, -19.32647418540471], [0.0, 0.0, 0.0, 1.0]], [[0.9583118225393841, -0.2856612857957012, -0.006006711146284437, 24.050352493157337], [0.2850088189105592, 0.9571873731118932, -0.05061922459269686, -8.469724838912896], [0.02020950084628503, 0.04679703572561817, 0.9986999617116445, 8.299703843230178], [0.0, 0.0, 0.0, 1.0]], [[0.9654656410800629, -0.25269804107466143, 0.06340186062641928, -9.357600718911051], [0.2561960922023091, 0.9650670315950515, -0.05485605589707998, -22.315205552179673], [-0.04732502756606733, 0.0692049461046422, 0.9964793109746561, -12.164102676141841], [0.0, 0.0, 0.0, 1.0]], [[0.9979965273960043, 0.06257179622156049, 0.009364914474922804, 2.5885195446610565], [-0.06266642158660363, 0.9979826415372985, 0.010176777277903271, 2.745331191653258], [-0.008709242851429187, -0.010743254062038037, 0.9999043612171674, 53.450688336663724], [0.0, 0.0, 0.0, 1.0]], [[0.9953980678475447, -0.09333360684853723, -0.02171461162489479, 3.2185000495372766], [0.09360351512330375, 0.9955400702919223, 0.011762244671734005, -20.332418223679806], [0.020519953263561593, -0.013740679597421597, 0.9996950161135463, 28.402179133740727], [0.0, 0.0, 0.0, 1.0]], [[0.9286238143204508, -0.3676528868159732, -0.04989154530396184, 40.76499493927567], [0.370806415170946, 0.9242437533321324, 0.09097300091018229, -45.64165091424138], [0.012665462684333098, -0.10297980016689222, 0.994602808568614, 7.074405045267962], [0.0, 0.0, 0.0, 1.0]], [[0.948725177411377, -0.31111273929167366, -0.05594105108219547, 29.447294679116727], [0.3153221993168694, 0.9438705435474317, 0.09838855442300369, -66.81688318733619], [0.02219117761007789, -0.11098315400954836, 0.9935745020693563, 0.3523479703882404], [0.0, 0.0, 0.0, 1.0]], [[0.9745443964947034, -0.22338113809716742, -0.019081048272854746, 21.696462896533244], [0.22280268966672018, 0.9744490086692504, -0.028426941108631646, -6.163620889862306], [0.02494355103132066, 0.023452007290049304, 0.9994137394572966, 7.548242531283844], [0.0, 0.0, 0.0, 1.0]], [[0.9939053039198167, -0.10988531468504341, 0.008801389471482452, -6.6020263250333056], [0.11007983510194086, 0.9935828153002084, -0.02599267289153655, -19.959603638750092], [-0.005888696289437242, 0.026803110951639723, 0.999623387331113, -13.623446713455145], [0.0, 0.0, 0.0, 1.0]], [[0.9902562799465121, -0.13878593346205426, -0.011443980931447566, 7.466440575325145], [0.13864038503807039, 0.9902618441920558, -0.012661894559796747, -16.99828273379248], [0.013089830517953507, 0.01095192268115509, 0.9998543452556458, 7.283014156184369], [0.0, 0.0, 0.0, 1.0]], [[0.9996985208944846, -0.010060532002100222, 0.022397611864095317, -21.913919608672053], [0.009794536294597762, 0.999880574129489, 0.011954268578988205, -26.7671574033146], [-0.022515203311401676, -0.01173129039447472, 0.9996776692742155, -4.334412630559625], [0.0, 0.0, 0.0, 1.0]], [[0.9724044057505764, -0.2331746035870616, -0.00769908558783163, 19.895457964633703], [0.23329540250597514, 0.9720906320649932, 0.024760012541525378, -19.144861239831926], [0.001710802866216885, -0.025872906552959908, 0.9996637764068753, 27.281618390967083], [0.0, 0.0, 0.0, 1.0]], [[0.8231498730470783, -0.5661339344464985, -0.043779615926909876, 47.11279319268307], [0.5678229117175219, 0.820535571222761, 0.06556307868588501, -59.08925632922642], [-0.0011947515283652606, -0.0788273088863546, 0.9968875703621356, 16.47382250713416], [0.0, 0.0, 0.0, 1.0]], [[0.9691736649272147, -0.24636796297930041, -0.0022878000305464104, 19.139255698264375], [0.24610665189021488, 0.9684983835610833, -0.03797890118153987, -9.091867111329707], [0.011572515151783326, 0.036245108042309473, 0.999275922373827, -4.567942409384484], [0.0, 0.0, 0.0, 1.0]], [[0.9915759155342169, -0.11180481290035034, 0.06539791697598883, -23.58215808215614], [0.11344570727828161, 0.993302179656154, -0.021928323931917126, -21.512079063941382], [-0.06250820132279562, 0.02916271082478901, 0.9976182942712803, -13.589587900084574], [0.0, 0.0, 0.0, 1.0]], [[0.9823907835684165, -0.18080939664708726, -0.047077706443205726, 20.524292427428698], [0.1822735179814089, 0.9828233104632145, 0.028891262568662018, -18.324055193042252], [0.041045255542114446, -0.03696352924500776, 0.9984733268862214, 23.59749846126879], [0.0, 0.0, 0.0, 1.0]], [[0.9411869703233929, -0.33635020673091576, -0.03218113306804183, 20.11244854486181], [0.33783911282338364, 0.9383679177033654, 0.07300948480683733, -52.36685477945064], [0.005640987518295905, -0.0795876212555776, 0.9968119129518351, 27.406213556020738], [0.0, 0.0, 0.0, 1.0]], [[0.9994829461766677, 0.01255409950517945, -0.029601264966630805, 6.99435646401351], [-0.012573205919850903, 0.9999208485860082, -0.0004594082456144603, -6.003177866936569], [0.02959315452782376, 0.0008313535067381165, 0.9995616809664327, 21.015089881003618], [0.0, 0.0, 0.0, 1.0]], [[0.9839000027824543, -0.1657788376687149, -0.06676946537073093, 10.283691759828171], [0.16748888929789868, 0.9856535668735501, 0.020845097054239755, -37.376512870944985], [0.06235588574015761, -0.031692634643625324, 0.997550660579654, 12.696886739863931], [0.0, 0.0, 0.0, 1.0]], [[0.970842634941875, -0.2302425417994434, -0.06673042877764734, 31.728530770207822], [0.22868897338597263, 0.9730323094516854, -0.03015755651225248, -1.0455759015291213], [0.07187441569005684, 0.014017728376997792, 0.9973151817055445, 22.434625131813995], [0.0, 0.0, 0.0, 1.0]], [[0.9520671508094198, -0.2946074072534424, -0.08230805514066672, 28.718773476090213], [0.29278746801419436, 0.9555854441429794, -0.03364457632222334, -23.79028796287193], [0.08856432082656958, 0.007933128857480721, 0.9960388679881219, 9.09731488137793], [0.0, 0.0, 0.0, 1.0]], [[0.9998353517895358, -0.008378868259376067, 0.016095461428234877, -7.108870710603425], [0.008284082511314019, 0.9999480043258461, 0.005946647938354774, -8.52842154511411], [-0.016144450713527478, -0.0058123327028842976, 0.9998527759123885, 16.22474328285282], [0.0, 0.0, 0.0, 1.0]], [[0.9972537014057573, 0.06883917560878304, 0.02731708135985026, -27.835990950888412], [-0.06898957364336673, 0.9976067720013831, 0.004600780964940066, -17.321994406992225], [-0.026934991387116296, -0.00647273964284086, 0.9996162313010392, 4.22353367638581], [0.0, 0.0, 0.0, 1.0]], [[0.9792108470331291, -0.20208307026230418, -0.017565584704776673, 23.052240027888377], [0.20267895771350486, 0.9782373238925595, 0.04441821972667674, -14.838963729583577], [0.008207140356256347, -0.04705497696185527, 0.9988585845805652, 41.965817825397515], [0.0, 0.0, 0.0, 1.0]], [[0.976315684122059, -0.21106639110367417, -0.04752539830181937, 21.005367005581334], [0.2111998007711683, 0.9774403121089957, -0.002253978368970492, -24.433374941113012], [0.04692897922919905, -0.007836760219616922, 0.9988674867557591, 14.778737477761698], [0.0, 0.0, 0.0, 1.0]], [[-0.13868386816863365, -0.9895231803932806, -0.04013303096141073, 115.53141181179144], [0.9891385975473473, -0.13640952645060728, -0.054747382910854965, 12.327334449000807], [0.04869927670768447, -0.0472897087946808, 0.9976933716780232, 17.24010944553463], [0.0, 0.0, 0.0, 1.0]], [[-0.13133015219636948, -0.9900032958294929, -0.05143797595957509, 133.30859437401742], [0.9905633529834311, -0.1289989138379838, -0.046298206821022286, 0.8277753634732035], [0.03919993431499807, -0.05703292448542168, 0.9976024311690194, 13.9378604577811], [0.0, 0.0, 0.0, 1.0]], [[0.999602464781517, 0.018205534854131816, -0.021528374378782144, 8.202889137311537], [-0.019055113504200426, 0.9990203793114519, -0.039939759259999146, 6.675850400999253], [0.020780160058576348, 0.0403341074164242, 0.9989701420597445, 13.260655109993806], [0.0, 0.0, 0.0, 1.0]], [[0.9833739907488545, -0.1814567366611717, -0.007003359119002106, 5.050522331246019], [0.18111182990789002, 0.9828472479844236, -0.03478206717349467, -19.79763174498342], [0.013194672640389846, 0.03293538901734958, 0.9993703821727912, -2.585233734837722], [0.0, 0.0, 0.0, 1.0]], [[0.9932878652207979, 0.11516771130650066, 0.010752445188383183, -0.2234038764192965], [-0.11484708514741376, 0.9930222976152941, -0.026774306190500252, 11.199354781223175], [-0.013760953391730186, 0.02535970645063688, 0.9995836740615992, 2.9067796743300955], [0.0, 0.0, 0.0, 1.0]], [[0.998226735304152, 0.002946073602591547, -0.05945338993147517, 7.944030131589812], [-0.003671666810757435, 0.9999200651065281, -0.012098853672500444, -13.751702109184563], [0.05941299341765825, 0.012295692241021157, 0.9981577591570722, -15.101903102183368], [0.0, 0.0, 0.0, 1.0]], [[0.9499216696455544, -0.3122984141112276, 0.010886784714080935, 17.50296160309128], [0.3117376927508064, 0.9494782050420865, 0.036204268649661885, -29.166119111112373], [-0.021643300492351508, -0.030997398175740796, 0.999285108890416, -13.979730464341458], [0.0, 0.0, 0.0, 1.0]], [[0.9693027248183554, -0.2449540491416755, 0.021207108921618676, -3.945588876920364], [0.2450994752224248, 0.9694874294121427, -0.00451347510594871, -34.02114837558315], [-0.019454431510781092, 0.009572774986269433, 0.9997649159045632, -14.302524010583097], [0.0, 0.0, 0.0, 1.0]], [[0.911833822008001, -0.4101725080413517, 0.017821186530321338, 23.301265050282947], [0.4104076380550366, 0.9118179006689343, -0.012397041815781627, -14.9593179171756], [-0.011164751155634426, 0.01861799309172458, 0.999764331562627, 5.549338351629153], [0.0, 0.0, 0.0, 1.0]], [[0.9500121540275102, -0.3116361778682498, -0.018968390645514015, 15.682709562548178], [0.31186881539117794, 0.950063745093314, 0.010803807003701335, -36.09951118517944], [0.014654323134010288, -0.016179397483777322, 0.9997617105643464, 5.24979638222918], [0.0, 0.0, 0.0, 1.0]], [[0.9674709415567918, -0.2203360704305066, 0.12430604695853863, -23.238908746932967], [0.21648432617368185, 0.975300551863246, 0.043856243071834444, -27.22778313180007], [-0.13089886846089446, -0.015519329962717881, 0.9912742489508982, 38.02692556445875], [0.0, 0.0, 0.0, 1.0]], [[0.8948002625951011, -0.43296002739698486, 0.10898671816390003, -15.18434505898389], [0.4208594124857534, 0.8994447229349579, 0.11779874917247944, -75.11494230264657], [-0.14902967819156698, -0.05953826551769987, 0.9870386770320906, 30.311080253291035], [0.0, 0.0, 0.0, 1.0]], [[0.9959116748608879, -0.0740893598074692, 0.05167884130956587, -1.612321085699807], [0.0749023112129615, 0.9970929747763027, -0.013972953399344016, -0.3604733259161705], [-0.050493362442370564, 0.017786692077588193, 0.9985659987873612, 25.85143214181352], [0.0, 0.0, 0.0, 1.0]], [[0.9972374195643352, -0.06522156669308814, 0.03554822441081963, -10.323233305596496], [0.06516286309490275, 0.9978706892591642, 0.002808699114070547, -22.057741625570827], [-0.03565571895135327, -0.00048451577629922437, 0.9993640152369518, 7.217255922151324], [0.0, 0.0, 0.0, 1.0]], [[0.9460414368649558, -0.3240370814800092, 0.0023599916118874054, 21.88170460829223], [0.32403441969546914, 0.9460441888145167, 0.0014448747013082663, -23.311559539417463], [-0.0027008493313933277, -0.0006021928260713765, 0.9999961713810167, -2.8691289430930453], [0.0, 0.0, 0.0, 1.0]], [[0.94012820897015, -0.3407688757289087, -0.005960204109967698, 15.208579112557466], [0.34080684690083973, 0.9401047638910845, 0.007329803189358451, -46.68311024838394], [0.0031054474853920017, -0.008922233114118779, 0.9999553739803452, -14.06200426145403], [0.0, 0.0, 0.0, 1.0]], [[0.9433558393492315, -0.3294534955134201, 0.03924480423819297, 12.387407924560124], [0.3273713660290479, 0.9435029715189642, 0.051284807098768495, -29.30905307307048], [-0.05392354838083593, -0.03553219707352241, 0.9979126784950405, 27.09274177527372], [0.0, 0.0, 0.0, 1.0]], [[0.9806476406928469, -0.19095134074330525, -0.04321793923692542, 14.579485274657358], [0.19112993859076727, 0.981564743954308, 4.5028455257135276e-07, -33.06385905005213], [0.04242111947888657, -0.00826068364285719, 0.9990656683761644, 8.328473463949678], [0.0, 0.0, 0.0, 1.0]], [[0.9652627198016767, -0.2595356800962866, -0.03015149279936972, 26.68180606004109], [0.26052569755509936, 0.9648109875333423, 0.03558256944579607, -22.629008169478563], [0.019855545182676324, -0.04220176645466446, 0.9989117920184977, 19.73582680742131], [0.0, 0.0, 0.0, 1.0]], [[0.9871700785382663, -0.1477392939352962, -0.06056679838206066, 18.714254017155], [0.15181681651668574, 0.985970215743483, 0.06938579025628547, -47.38654862846001], [0.04946605160604625, -0.07769063453370949, 0.9957496045915653, 2.5282053788758336], [0.0, 0.0, 0.0, 1.0]], [[0.8789617576642103, -0.47687027073722965, -0.004579678027915099, 30.763777832901983], [0.47687585743745536, 0.8789706451536308, 0.00014680428609094046, -22.11929011700452], [0.0039553959511388756, -0.0023129732396846314, 0.9999895024437301, -9.979973734840726], [0.0, 0.0, 0.0, 1.0]], [[0.9130284898362971, -0.4078000146243746, 0.00883882456038693, 13.770110765738199], [0.40778448688091806, 0.9130712087474018, 0.003574914799544288, -43.39102997571071], [-0.009528326532793781, 0.00034033647726649884, 0.9999545465492758, -20.6478884960876], [0.0, 0.0, 0.0, 1.0]], [[0.9930233496987604, -0.11662055257224178, 0.017443442057000078, 6.195830990136048], [0.11540598742346485, 0.9915479940539778, 0.059279284360950965, -24.97504363385144], [-0.024209192879276406, -0.056852635869204846, 0.9980890204660383, 3.45326864750413], [0.0, 0.0, 0.0, 1.0]], [[0.9235955809563755, -0.3832727992220069, 0.008553608266748457, 14.578963105741607], [0.3828497572348386, 0.9232768803574614, 0.03139849650254636, -46.04150873038032], [-0.019931538402216648, -0.025724765770019437, 0.9994703448342024, -6.138166494488219], [0.0, 0.0, 0.0, 1.0]], [[0.9729553347584492, 0.22361504210014954, -0.05791571040424166, 6.9940641323542625], [-0.22018266639342357, 0.9736018471791303, 0.06015842907916765, -4.9783966499681105], [0.06983917228147796, -0.04577942896038856, 0.9965072673589008, 21.24665685527822], [0.0, 0.0, 0.0, 1.0]], [[0.8798514944714668, -0.4556240180545176, -0.135159542201734, 55.067620629656595], [0.458500678995485, 0.8886277180643031, -0.010858455162009794, -41.51346363303811], [0.12505388853212257, -0.052416913870268346, 0.9907643474122944, -2.082938028968872], [0.0, 0.0, 0.0, 1.0]], [[0.6075560220472961, -0.7887842544647243, -0.09324741273943003, 80.55109232787395], [0.7862938800443657, 0.613893400412565, -0.06983428337628385, -7.084502860542691], [0.11232815443532276, -0.030891630556366158, 0.9931908642767147, 8.331855406893828], [0.0, 0.0, 0.0, 1.0]], [[0.7412352471867177, -0.6689475064970735, -0.05549362016837199, 61.219066428749244], [0.6678130001272126, 0.7432703560277154, -0.0396859510598319, -29.634556258043904], [0.06779458082425219, -0.007642735228886045, 0.9976700273181923, 5.90496583277444], [0.0, 0.0, 0.0, 1.0]], [[0.8599005189033125, -0.49204624598237495, -0.13587343156212045, 61.99357433861826], [0.4975752372220609, 0.8673849618004058, 0.007887416935835443, -23.201091351344484], [0.11397359735142418, -0.07438964885762912, 0.9906948063100041, 37.852641880245855],