[[[0.9913348093499396, 0.1305073018257168, 0.01493786936915751, -12.619182064981123], [-0.12937254773837017, 0.9897107468764055, -0.061117766721571556, 16.218587126421536], [-0.02276048467853697, 0.058655619402752344, 0.9980187767019606, 19.378016303259344], [0.0, 0.0, 0.0, 1.0]], [[0.9816494219058106, 0.18148891915181262, 0.05853362022883913, -39.20797250448789], [-0.17989796346998585, 0.9831828436180813, -0.03143594685093816, 2.44936503138894], [-0.0632545272003415, 0.020328999979591512, 0.9977903570131806, 11.954321876406164], [0.0, 0.0, 0.0, 1.0]], [[0.8838095031151991, 0.46589205848716675, 0.0427241388661863, -23.842310862427727], [-0.4641738786584144, 0.8846274420626702, -0.044462333731646105, 41.93055974166053], [-0.05850959386690448, 0.019464803832849792, 0.9980970638356167, 39.25969855663638], [0.0, 0.0, 0.0, 1.0]], [[0.9730845635490813, 0.22979594165809203, -0.0173279364023772, -23.735012609692262], [-0.22979812908756925, 0.9732364774484399, 0.0018917800097361952, 1.8069186575572975], [0.017298903154447463, 0.0021410654411096438, 0.9998480703529056, 24.996362288375575], [0.0, 0.0, 0.0, 1.0]], [[0.9602160578329866, 0.27188267589841875, 0.06375682572081072, -16.74375758339326], [-0.2763177373749867, 0.9580562374037754, 0.07600496025713616, 0.668283884024443], [-0.04041819258262507, -0.09059832513924586, 0.9950669892978652, 54.05387122199724], [0.0, 0.0, 0.0, 1.0]], [[0.9561884663832642, 0.27210661852424867, 0.1079889110553516, -43.93853054626906], [-0.2783180610623906, 0.9593348577718197, 0.04707109038885013, -3.399349728520192], [-0.09078917139226007, -0.07506409807106701, 0.9930371128707554, 49.17208825668508], [0.0, 0.0, 0.0, 1.0]], [[0.9653700376820891, 0.24695175751719511, 0.08411610906865002, -26.78809644319606], [-0.2510560961755025, 0.9670539520163073, 0.04216029486090925, 8.898114057510364], [-0.07093325678972807, -0.061818147406812005, 0.995563654284542, 46.479670178534505], [0.0, 0.0, 0.0, 1.0]], [[0.8922053118642087, 0.4447838387964985, 0.07833912321910282, -52.195962593404644], [-0.4497061102650281, 0.8909311112270027, 0.06329430810202988, 12.684867505728612], [-0.041642476770555215, -0.09170110028383627, 0.9949154799957359, 37.32910643922937], [0.0, 0.0, 0.0, 1.0]], [[0.974784396095728, 0.22050880233038592, 0.034223518566959356, -4.491472872545598], [-0.2228819219281544, 0.9695984673647474, 0.10100723222393733, -0.6325434083219481], [-0.010910087345945249, -0.10608807745805976, 0.9942968821309629, 58.83282324020158], [0.0, 0.0, 0.0, 1.0]], [[0.9989972526953225, -0.024242931192752393, 0.037639997268613, -10.899562794280628], [0.02187755503128719, 0.9978344711586576, 0.06203016003022088, -26.71779641885543], [-0.03906227967042781, -0.06114448834282028, 0.9973642713934779, 42.354850222207034], [0.0, 0.0, 0.0, 1.0]], [[0.9975882344257861, -0.06930105176678657, 0.003883137810699511, 7.825872237489147], [0.06888489223983242, 0.9953610865598529, 0.06716531086425603, -17.300838810391316], [-0.008519750955655648, -0.06673583435008985, 0.9977343044404389, 31.480628027434705], [0.0, 0.0, 0.0, 1.0]], [[0.8650190515857237, 0.49227651869149347, 0.09698386225925548, -49.37237212349777], [-0.4981823374194467, 0.8656637438772636, 0.04940284627124119, 22.183749314760313], [-0.05963555212316608, -0.09105005041946569, 0.9940590974592918, 13.210933422673378], [0.0, 0.0, 0.0, 1.0]], [[0.8602997667481541, 0.5029731175602832, 0.08308040891061483, -23.794702204929788], [-0.5083765573719505, 0.8585684328950324, 0.06643434315779752, 25.460947303775665], [-0.037915527791518105, -0.09938958218975273, 0.9943259645128617, 32.26288233751967], [0.0, 0.0, 0.0, 1.0]], [[0.9809753967250218, 0.18930229743324758, 0.04303383792643591, -31.63871710591939], [-0.1919076032398331, 0.9790703876490845, 0.06776907736876464, -15.17287714751857], [-0.029304314339824836, -0.0747383182521863, 0.9967725121339904, 14.062494540301879], [0.0, 0.0, 0.0, 1.0]], [[0.9181519269307555, 0.3747109458365165, 0.12879730643008475, -36.3215614531785], [-0.3800905151404768, 0.9247510295437404, 0.01915029133038482, 21.55294038454616], [-0.11192961794622797, -0.0665375114359948, 0.9914860161385614, 38.36087774300097], [0.0, 0.0, 0.0, 1.0]], [[0.9663695149639148, 0.24916467718935761, 0.06361543986747376, -38.574853651896106], [-0.25137966945803236, 0.9674403101836582, 0.02945348901097245, 2.3463354073477163], [-0.054205371796339344, -0.04445458213584127, 0.9975397575011983, 24.835187199324285], [0.0, 0.0, 0.0, 1.0]], [[0.9498959049257988, 0.3123579742223533, 0.011413401986475134, -10.68127664449868], [-0.3122881562165598, 0.9468768550034967, 0.07681359870198934, 8.980928600252756], [0.013186253905437907, -0.076529193112148, 0.9969801428862792, 42.88763570334519], [0.0, 0.0, 0.0, 1.0]], [[0.9685192797109733, 0.23771345842568967, 0.07391019220266493, -35.92871186982305], [-0.242197668666581, 0.9684280278072275, 0.05905458703502794, -6.667329202853916], [-0.05753863154968257, -0.07509638234097854, 0.9955148613851464, 33.42778469562577], [0.0, 0.0, 0.0, 1.0]], [[0.9907363174537227, 0.12041136273306362, 0.0627905486757828, -8.51981299855469], [-0.12273189387389985, 0.9918401055328478, 0.03449764169791721, 0.7645034656838064], [-0.058124276377130565, -0.04188446945299255, 0.9974303282506891, 52.154362764448216], [0.0, 0.0, 0.0, 1.0]], [[0.9998919180229212, -0.006884409620350649, 0.012990657282195135, -10.808400219080225], [0.006357036770352619, 0.9991710325754476, 0.040209896115410995, -24.075581960858084], [-0.013256709846134905, -0.040122968064326754, 0.9991068046399056, 31.65919293465955], [0.0, 0.0, 0.0, 1.0]], [[0.9540441005381283, 0.28948090013917627, 0.0774639444064559, -20.7450889315917], [-0.29770085298779925, 0.9451302034315994, 0.13454776360714085, -10.463840929223249], [-0.034264505814779474, -0.15142558243559273, 0.987874605719426, 30.280561180490718], [0.0, 0.0, 0.0, 1.0]], [[0.935001754699116, 0.34429975963704484, 0.08502584444419482, -41.79201671029284], [-0.3526998591568235, 0.9278218632721227, 0.12144710529692879, -12.82865615010769], [-0.037074628256151036, -0.1435418599159142, 0.9889495469393518, 22.41119787040651], [0.0, 0.0, 0.0, 1.0]], [[0.9545046927400609, 0.29496120323285485, 0.04380274106296807, -22.771860849717157], [-0.2975870429777936, 0.9516049645536715, 0.07674596594310304, 6.106621953429206], [-0.019045823398734018, -0.08628951282881127, 0.996088036564455, 39.500333278360394], [0.0, 0.0, 0.0, 1.0]], [[0.9662149425484855, 0.25268851515983454, 0.05076612160038364, -39.48533826074305], [-0.25468668475183404, 0.9662901834766696, 0.03765599456586304, -1.6463218848563341], [-0.03953956760191898, -0.04931323983417164, 0.9980004143139979, 32.044958087964524], [0.0, 0.0, 0.0, 1.0]], [[0.9993495811183242, 0.005445106720038516, 0.03564779840939759, -1.9679421362080045], [-0.007275828084240561, 0.9986501367369827, 0.0514292399408739, -13.093367498234937], [-0.035319641055908756, -0.051655156644954556, 0.9980402134922565, 36.08214581851845], [0.0, 0.0, 0.0, 1.0]], [[0.9953911231140399, -0.08565184147154063, -0.04313089470790974, -0.24563509292875643], [0.0875782232414869, 0.9951429538733478, 0.04495059699375148, -35.006687650489624], [0.03907130455506964, -0.04852075235159117, 0.998057698608453, 10.581975359459825], [0.0, 0.0, 0.0, 1.0]], [[0.9961041437546538, -0.08757643199324382, 0.010339407823655401, 6.990744918450617], [0.08719185634354859, 0.9956406707710913, 0.03312453613050951, -13.318812168565902], [-0.013195263626661409, -0.032093975537913676, 0.9993977495231798, 26.74620270342745], [0.0, 0.0, 0.0, 1.0]], [[0.9604722479344665, -0.2780857027291427, 0.012704443527872875, 7.964428153229945], [0.27766381516466915, 0.9602795367168014, 0.02767701413024861, -40.625321265643976], [-0.01989639906904513, -0.023055439718300604, 0.9995361824383748, 13.116850756878346], [0.0, 0.0, 0.0, 1.0]], [[0.8585220070373328, 0.5102940406341292, 0.050397971446144836, -24.132975512449207], [-0.5126978259826571, 0.8559579105694316, 0.06691034722876137, 27.413600302355963], [-0.008994590888382734, -0.0832829359887754, 0.9964853485665721, 37.791945194865676], [0.0, 0.0, 0.0, 1.0]], [[0.8555943739927714, 0.5069307560205563, 0.10478299381264973, -58.872803376550756], [-0.5147001833680472, 0.8546802697701306, 0.0678627858738054, 17.324584517390306], [-0.055154224070448156, -0.11199484392632815, 0.9921769834566325, 17.782418769270866], [0.0, 0.0, 0.0, 1.0]], [[0.9188239783192174, 0.3753455124044077, 0.121976404208011, -35.02249017023692], [-0.3807080301113977, 0.9244035830868362, 0.023225231643956946, 18.67349469315035], [-0.10403793862982168, -0.06777729630258941, 0.9922612284230226, 39.263162248889465], [0.0, 0.0, 0.0, 1.0]], [[0.9732783227750765, 0.2243235801952188, 0.049073799369270595, -34.710012188089394], [-0.2270299867058305, 0.9720933178421537, 0.05909286372299081, -13.973986646505182], [-0.03444838969366492, -0.06865502731069863, 0.997045533399795, 25.619931247957695], [0.0, 0.0, 0.0, 1.0]], [[0.9983988928074143, -0.0002116912404272381, 0.05656506013211101, -6.11113548626834], [-0.0012722836243361537, 0.9996559761283438, 0.026197532045406705, -6.7573567896069155], [-0.05655114618917865, -0.02622755378813648, 0.9980551504235537, 42.820878239554254], [0.0, 0.0, 0.0, 1.0]], [[0.9966902193459343, 0.06869345953364131, 0.04347200567557411, -23.1233597498015], [-0.07043406929204767, 0.9967197042371788, 0.03986067069575397, -17.67165082267139], [-0.04059123727013254, -0.042790650879044705, 0.9982591405312693, 30.929298952736122], [0.0, 0.0, 0.0, 1.0]], [[0.9916624487076314, -0.1288620735042176, -0.0003922185296355732, 13.89609212816495], [0.12862578790596918, 0.9896504676717359, 0.06361885351592814, -23.12921988260365], [-0.007809898126740241, -0.06313887747898324, 0.9979741918716851, 45.75359703115145], [0.0, 0.0, 0.0, 1.0]], [[0.9964540707452465, 0.06726120172323732, 0.05054914082331806, -22.865712942788623], [-0.06980257467964639, 0.9962911854603854, 0.05031375897343266, -19.94675323499055], [-0.046977499543101015, -0.05366381012088363, 0.9974534124559348, 43.5983323488964], [0.0, 0.0, 0.0, 1.0]], [[0.9673586154901992, 0.2469457459525014, 0.056878006231319, -17.040150214085873], [-0.24864575580116294, 0.9682733055830528, 0.024941808622050424, 16.16350535766327], [-0.04891418157299595, -0.03827014830429774, 0.9980695359491825, 36.38665115336429], [0.0, 0.0, 0.0, 1.0]], [[0.9771171106544198, 0.2113049361916129, -0.024338775799485617, -22.451518883667603], [-0.20945574372745024, 0.9757994557665269, 0.06279899318724433, -8.614586868534678], [0.037019501427489714, -0.0562640743886297, 0.9977293773600385, 13.690724069474772], [0.0, 0.0, 0.0, 1.0]], [[0.9836088339123479, -0.18004768039895896, -0.00982316815204427, 16.03135703852493], [0.18006671706250146, 0.9779328983962987, 0.10593971701183102, -37.80587677578123], [-0.009467801007739467, -0.10597206715530297, 0.9943240325602665, 25.744613495842707], [0.0, 0.0, 0.0, 1.0]], [[0.9886791772298704, -0.14960195589603037, -0.011521254452124305, 1.5425774490672184], [0.1500447269006392, 0.9856289266973806, 0.07760282718228803, -46.432630473238554], [-0.000253853069677221, -0.07845300280711805, 0.9969177809173474, 10.810005882075393], [0.0, 0.0, 0.0, 1.0]], [[0.9238562877993921, 0.36951166949973213, 0.09975312324458833, -33.94729486716275], [-0.37312181185879206, 0.9275739574500151, 0.019663849463726818, 21.32340203077031], [-0.08526237745184867, -0.05538663705299884, 0.994817896615868, 27.01549330530548], [0.0, 0.0, 0.0, 1.0]], [[0.9888694214625233, 0.1105627713740276, 0.0995647572310028, -43.05030263592951], [-0.1115650387998902, 0.9937467713795284, 0.0045383356354703214, -10.971056992909217], [-0.09844038507621264, -0.015595767337828775, 0.9950207347724928, 18.96688187916247], [0.0, 0.0, 0.0, 1.0]], [[0.9955790966789455, -0.09127003565447017, 0.022182038850451405, 1.1540092923175325], [0.08985197057416645, 0.9942536365431219, 0.05819217820904795, -20.71512958032376], [-0.02736577497295325, -0.05594181631307848, 0.9980589298972885, 36.816252440327816], [0.0, 0.0, 0.0, 1.0]], [[0.9854654521491256, -0.1697302957366889, 0.007033443655757648, -3.863372501040922], [0.16928460564131925, 0.9846445439875088, 0.04263618520105021, -41.58885262806161], [-0.01416209424434378, -0.04082583379150129, 0.9990659069259875, 14.702171103135234], [0.0, 0.0, 0.0, 1.0]], [[0.9538272194038947, 0.3001328612792638, 0.011571564481764234, -11.827394393020695], [-0.3003304065211948, 0.9535397924573131, 0.023738389146683626, 14.099566602172722], [-0.003909276537593118, -0.026117614377803293, 0.9996512330688964, 40.10209703574125], [0.0, 0.0, 0.0, 1.0]], [[0.993904966678906, -0.11007593840276515, -0.0060170587295090465, -1.9114861248426374], [0.11011579739889711, 0.9938958373996805, 0.006750967545133848, -28.759631478908663], [0.0052372105369912275, -0.007372393392992511, 0.9999591088846845, 33.912827804626666], [0.0, 0.0, 0.0, 1.0]], [[0.8942086924919823, 0.44695779936937663, 0.02489055754012414, -24.17608046189332], [-0.44699795436568934, 0.888523438435923, 0.10353225653336788, 10.108116467318101], [0.02415870577376164, -0.10370547204890461, 0.9943146041381701, 34.15018161678439], [0.0, 0.0, 0.0, 1.0]], [[0.9828199332148007, 0.18389152915035545, -0.015776069928795558, -27.55166822657422], [-0.18223455135771435, 0.9803942172381912, 0.07495163171916211, -20.278139233618578], [0.029249737898087505, -0.07078901265490528, 0.9970623694234146, 16.22899637983119], [0.0, 0.0, 0.0, 1.0]], [[0.9981516910366187, -0.0581963074556494, 0.017504041797922348, 2.4567803515581446], [0.05770712953394958, 0.9979612627262764, 0.027261791920659337, -10.607079947096075], [-0.01905489127987474, -0.026201295698894223, 0.9994750638320133, 29.265892156100122], [0.0, 0.0, 0.0, 1.0]], [[0.9984427283044679, 0.04302300280198643, 0.035512526322839764, -17.54281630107568], [-0.04474482502617847, 0.9977859268833748, 0.049205129273886206, -21.991993356434726], [-0.03331694657838241, -0.05071750529534601, 0.9981571598337154, 28.700351277871814], [0.0, 0.0, 0.0, 1.0]], [[0.9954841749043478, -0.07697495792354384, 0.05555279801843749, -6.434159355561964], [0.07720338327015672, 0.9970134099041791, -0.001974356321288797, -0.18499861495801623], [-0.05523490858732319, 0.006254304430612396, 0.9984537989058073, 32.573637620364245], [0.0, 0.0, 0.0, 1.0]], [[0.9586962263546497, 0.2574269930156688, 0.12096647816756978, -46.95645772167155], [-0.26065046223781224, 0.9653664935397018, 0.011352078491346812, 5.545259366025976], [-0.11385465343396853, -0.04241316326059326, 0.9925916791277571, 18.793319661422203], [0.0, 0.0, 0.0, 1.0]], [[0.9687531403931948, 0.24496312232102532, 0.038864143899675276, -21.224278332706987], [-0.24607178559265366, 0.9688800431907097, 0.026835391594113557, 9.852629345559933], [-0.03108101210648597, -0.03556023916540166, 0.9988840974191824, 26.86848501498519], [0.0, 0.0, 0.0, 1.0]], [[0.9757117481208877, 0.1973931936145856, 0.0949869027472459, -50.992165901765404], [-0.19849300382309576, 0.9800998839196406, 0.0021782961211731103, -0.38292368347214817], [-0.09266667152846536, -0.020979624766467902, 0.9954761390071046, 12.703090266235778], [0.0, 0.0, 0.0, 1.0]], [[0.9102792001093218, 0.4057484788130121, 0.08221891381707397, -28.77443731720216], [-0.41163499258044983, 0.9082366185556622, 0.07525209364442069, 15.405684356258382], [-0.04414080574282063, -0.10234459758825899, 0.9937691747145668, 33.95233751869246], [0.0, 0.0, 0.0, 1.0]], [[0.9748494028404204, 0.2157600069804707, 0.05582348224057002, -38.0782053481153], [-0.2179562599253929, 0.9752667432013506, 0.03674028258963951, -2.7219618987434857], [-0.046515702090914095, -0.04798331994786453, 0.9977644463828979, 11.180136916846884], [0.0, 0.0, 0.0, 1.0]], [[0.8485792092527723, 0.5246692785365348, 0.06808431378733801, -20.191030643763245], [-0.5289620682717737, 0.8439337918260277, 0.08930221354363072, 21.29551343178371], [-0.010604525146768882, -0.11179402119119101, 0.9936748164627688, 38.25118856780367], [0.0, 0.0, 0.0, 1.0]], [[0.8861114049414239, 0.4611610040750967, 0.04622884762986988, -40.09165142418446], [-0.4634378779275161, 0.8804112078454799, 0.10050591227437766, 5.244918719750525], [0.00564901184081712, -0.11048363417498935, 0.9938618894216172, 18.85844201549693], [0.0, 0.0, 0.0, 1.0]], [[0.9727414820940331, 0.21856864043881513, 0.07747101671097816, -21.33995405135936], [-0.22160255811093166, 0.9745818305770099, 0.03290230611761767, 8.67846031166961], [-0.06831043296741773, -0.049173213499770455, 0.9964515441414658, 31.420117112019028], [0.0, 0.0, 0.0, 1.0]], [[0.9999445660062476, 0.008425173156799283, 0.006315169978399363, -16.191434323253787], [-0.008557548660740284, 0.9997378635530947, 0.021236114032813103, -21.726801763947464], [-0.006134596604275635, -0.021288979204591493, 0.9997545429198766, 12.378560806163792], [0.0, 0.0, 0.0, 1.0]], [[0.8015612982228122, 0.5942544844177127, 0.06603857161385203, -16.1861571650633], [-0.5979096135779891, 0.7970027071216912, 0.08538605759557813, 32.16583764476544], [-0.0018918727177683035, -0.1079272560113199, 0.9941569937527394, 62.804873448469145], [0.0, 0.0, 0.0, 1.0]], [[0.8967941742985831, 0.4374083063964161, 0.06658965715138675, -37.108887090979316], [-0.44205278035298695, 0.8921471162243866, 0.09307449916440681, 7.454570736340325], [-0.018696211549782443, -0.11290481171292116, 0.993429894439338, 43.23137304724359], [0.0, 0.0, 0.0, 1.0]], [[0.9946476010045715, -0.10029244856570807, 0.024851047795808125, 5.003613024925933], [0.10010654370833705, 0.9949393972118736, 0.008618339889390833, -6.105313936817897], [-0.025589640924123278, -0.00608445859325554, 0.9996540149676818, 36.08410900415439], [0.0, 0.0, 0.0, 1.0]], [[0.9881744185098841, -0.15278693827939419, 0.012941023678987182, -1.007281817526713], [0.15280842491253166, 0.9882555943243085, -0.0006823213740354604, -24.60393277492977], [-0.012684789253380957, 0.0026517499721661606, 0.9999160286462463, 10.63822621749297], [0.0, 0.0, 0.0, 1.0]], [[0.9300108408906519, 0.34483337255294677, 0.12716045375675347, -39.38574808201008], [-0.33905856614613195, 0.9384994163617215, -0.06525438078503823, 30.10586680328319], [-0.1418418998349635, 0.01757244042443599, 0.989733340243087, 62.57230784254035], [0.0, 0.0, 0.0, 1.0]], [[0.9765110534860292, 0.20807808561520533, 0.05594347778176808, -40.945192479889556], [-0.2063743722924332, 0.9778561374083836, -0.03474180469785901, 4.285883671243859], [-0.06193368130921918, 0.022380456194444103, 0.9978293112050882, 37.40678705844312], [0.0, 0.0, 0.0, 1.0]], [[0.9763710186023355, 0.20673240918674055, 0.0629392169102965, -8.259715000267567], [-0.20901354057281316, 0.9773874571273604, 0.03204837760838034, 8.301662633583485], [-0.05489056285603523, -0.04444625565734795, 0.9975026598798561, 50.819379106996735], [0.0, 0.0, 0.0, 1.0]], [[0.9976666226910024, -0.06554953717827354, 0.019093667642542188, -6.345211819491045], [0.0652848996211219, 0.9977660652110599, 0.014169015304502966, -22.59356542878679], [-0.01997978602962908, -0.012889425470258157, 0.9997172954697028, 27.648446679435327], [0.0, 0.0, 0.0, 1.0]], [[0.9897937528749999, 0.13231287790869767, 0.05293041761732517, -17.48961473103605], [-0.13319759835268838, 0.9909970587629363, 0.013536222378694809, 3.3637876702987937], [-0.05066287163892585, -0.02044827285439139, 0.9985064554496235, 29.167393315175158], [0.0, 0.0, 0.0, 1.0]], [[0.9661497921213573, 0.25426098841646805, 0.04365694622096192, -37.45140390556103], [-0.25530188254830755, 0.9666522490004988, 0.020109158847858435, 1.7291780875242464], [-0.037088110644106415, -0.030574160197115532, 0.998844178426792, 19.075133848423118], [0.0, 0.0, 0.0, 1.0]], [[0.858678953498174, 0.5119704818792892, 0.02359407772238153, -14.957377778884222], [-0.5124937143408766, 0.857326696942227, 0.04838519888583293, 27.0616021345313], [0.004543960868277584, -0.05363916847247868, 0.998550044827603, 57.92784644137289], [0.0, 0.0, 0.0, 1.0]], [[0.930611780220929, 0.3659554055037657, 0.006193197607760626, -29.462819755646766], [-0.36600321930182955, 0.9305516004605984, 0.010740686240400525, 14.745376678599248], [-0.0018324777573759192, -0.012262139405186306, 0.9999231380273571, 42.46951983447937], [0.0, 0.0, 0.0, 1.0]], [[0.8194943760463268, -0.5493301684245897, 0.163295234734681, 13.177095436263699], [0.5639482134594728, 0.8236796556938437, -0.05928100312867533, -11.24090398698034], [-0.10193811928965338, 0.14067050456540264, 0.9847946125873173, 36.13251422125415], [0.0, 0.0, 0.0, 1.0]], [[0.8419897792111088, -0.5383384244971436, 0.035283883204148894, 27.25715381287441], [0.5392378893974743, 0.8377761027473993, -0.08575371889041358, -28.0248270031623], [0.016604527761669846, 0.0912301615438229, 0.9956913915880261, 8.328190801754651], [0.0, 0.0, 0.0, 1.0]], [[0.9537116947679842, -0.29916167481995537, -0.0305989473953052, 22.605161578100446], [0.2992970496821674, 0.9541599705334088, -0.00016335004703969594, -17.612062688775193], [0.02924515881871201, -0.009002385828592013, 0.9995317292287744, 21.53145910990802], [0.0, 0.0, 0.0, 1.0]], [[0.995156063069558, -0.09825192177282822, 0.003312099613125753, -7.886256931569187], [0.09820662232548807, 0.9950958089482268, 0.011823296709986802, -25.65446243120393], [-0.004457518067287039, -0.011440755290603087, 0.9999246169842317, 8.24211822135579], [0.0, 0.0, 0.0, 1.0]], [[0.9947376579973838, -0.09999478797766725, 0.022316678498058583, 8.252878906634493], [0.10041696789123504, 0.9947702143274308, -0.018672258741006427, -0.33505151266464617], [-0.020332838498718975, 0.02081497211772844, 0.9995765666592661, 37.35552068395248], [0.0, 0.0, 0.0, 1.0]], [[0.9833602525147385, -0.16829534154105683, 0.06840534913099167, -8.231584097332599], [0.17026447755548788, 0.9851057767289751, -0.024012836941130405, -19.64867763780664], [-0.06334525599372487, 0.03526027042981418, 0.9973685837604415, 31.690220805006454], [0.0, 0.0, 0.0, 1.0]], [[0.9142496552394686, 0.4028623670289414, 0.043005594128551324, -27.87960929371933], [-0.4036352024201321, 0.9148569639493584, 0.010740525155592446, 24.96838045538788], [-0.035017013889968994, -0.02717809311186711, 0.9990170969473092, 55.28010391787021], [0.0, 0.0, 0.0, 1.0]], [[0.9558891571041717, 0.2931151062034495, 0.01895926807702403, -38.29343514966616], [-0.2931467391511657, 0.9560667677750007, -0.0011510348830367763, 6.558315688959094], [-0.018463711861765323, -0.004457585849328857, 0.9998195943632445, 38.76649510645365], [0.0, 0.0, 0.0, 1.0]], [[0.9826235920549318, 0.18550714434372273, -0.006162445496879095, -3.0855521810264475], [-0.1846818389003466, 0.9804888650755003, 0.06733649711223201, -0.9512586730056944], [0.01853361048072406, -0.06502833890233102, 0.9977112911169003, 48.801316718700235], [0.0, 0.0, 0.0, 1.0]], [[0.928339745703216, 0.3705461116653052, 0.029679886748621608, -33.400522710019914], [-0.37152760623566056, 0.9222122611527412, 0.10719973500129937, -4.389193495706946], [0.012351289507078993, -0.11054467200761928, 0.9937944058698661, 34.17937119145831], [0.0, 0.0, 0.0, 1.0]], [[0.9509447886874011, 0.3079329100438866, -0.02968723261228409, -8.964115154492365], [-0.30076608002037136, 0.9427218093006194, 0.14427527639255103, -6.940032194928274], [0.07241390734832519, -0.12826890964248144, 0.9890921659995489, 46.76031209756646], [0.0, 0.0, 0.0, 1.0]], [[0.9821109151408204, 0.18828609986700132, -0.0025485207730384426, -26.487946612871262], [-0.1864749866512665, 0.9743673203901876, 0.1258388028751561, -28.255335362261047], [0.0261768927618798, -0.12311242647481238, 0.9920474286710369, 45.29359453599206], [0.0, 0.0, 0.0, 1.0]], [[0.9610500473956802, 0.27147377356219554, 0.05181502358064897, -12.863286298122622], [-0.2734084555036162, 0.9612709782315326, 0.03472640017218679, 13.145869594751808], [-0.040380971507485895, -0.04754047410043019, 0.9980527443288835, 48.33871495545252], [0.0, 0.0, 0.0, 1.0]], [[0.8987759537598484, 0.4234971439802406, 0.11336645881235959, -46.14901094925122], [-0.42883211496230716, 0.9029943381704605, 0.026537565997039648, 18.31397370989163], [-0.09113068703806194, -0.07246650448774575, 0.9931987734624416, 41.05242424767705], [0.0, 0.0, 0.0, 1.0]], [[0.9991775420803164, 0.038704236979532944, 0.012092205843928738, 6.711989990342423], [-0.039650372892695816, 0.9950152205978382, 0.09150168691400341, -13.054423960207838], [-0.008490425890964597, -0.09190589109774347, 0.9957314998782157, 66.36407743712068], [0.0, 0.0, 0.0, 1.0]], [[0.9089396126812959, 0.4130830514380096, 0.05649046922658151, -33.531485194896995], [-0.4168780466806513, 0.902543188182499, 0.1078354656923995, 2.89080844430166], [-0.006440084976229013, -0.12156556288700754, 0.9925625114951022, 46.699893731506826], [0.0, 0.0, 0.0, 1.0]], [[0.9578060425005135, -0.28594498817295255, 0.02903530072646867, 23.741530020567517], [0.2848525065914635, 0.9578698300675142, 0.03666658062859104, -22.433278575762298], [-0.038296663537006774, -0.026848694292325205, 0.9989056577959359, 38.38091031263667], [0.0, 0.0, 0.0, 1.0]], [[0.8534627177154984, -0.5204227471549429, 0.027596262670480976, 36.69399418015496], [0.519128518558521, 0.8536170345176247, 0.04293646003772345, -56.55314118034031], [-0.045901750390485864, -0.022318660914999747, 0.9986966039223585, 9.459744158819202], [0.0, 0.0, 0.0, 1.0]], [[0.9424989740528178, 0.3309592544230323, 0.046493610541023064, -15.496299027676786], [-0.3340605917663143, 0.9370656581410258, 0.10154542511343058, 6.438601249524071], [-0.00996016757536551, -0.11123814203985215, 0.9937438658011414, 37.69302987348828], [0.0, 0.0, 0.0, 1.0]], [[0.9970306555091213, 0.04840173191074005, 0.05989277354652172, -30.14920095563534], [-0.05089908124532958, 0.9978660380958039, 0.04089808728251381, -17.391864012558496], [-0.05778542639312648, -0.043825133919106495, 0.9973666337578873, 18.393557223582295], [0.0, 0.0, 0.0, 1.0]], [[0.999671494287209, -0.018602672300113754, 0.017630771193487948, 2.2779230479081614], [0.01778200773027124, 0.9988008900568418, 0.04561339959646444, -9.928716804439304], [-0.018458161085631374, -0.04528490482446383, 0.998803571121159, 58.88834155381884], [0.0, 0.0, 0.0, 1.0]], [[0.9995785487247373, 0.02199700418715844, -0.01894351435545325, -7.997324906593325], [-0.020564062729601235, 0.9971363504972265, 0.07277511828312258, -30.13762916179083], [0.020490101351583287, -0.0723548914991902, 0.9971684538846683, 39.085636381492556], [0.0, 0.0, 0.0, 1.0]], [[0.9558737247215576, 0.28399889332534145, 0.07516682098450199, -22.541256455849084], [-0.28992438676907945, 0.9532405173212262, 0.08530161835354548, 2.031329373806342], [-0.04742649410939108, -0.1033302701396933, 0.9935157688377917, 24.894221496089415], [0.0, 0.0, 0.0, 1.0]], [[0.9908056129015742, 0.12236240925263167, 0.05772069165063622, -33.62260992694837], [-0.12626050270650527, 0.9895550240469083, 0.06956392628240611, -22.53670739921776], [-0.04860579079736184, -0.0762121721604559, 0.9959062114052456, 9.117983372789187], [0.0, 0.0, 0.0, 1.0]], [[0.9968019102283611, 0.07595410742227814, 0.024837981616397317, -8.986083455823449], [-0.0769305021043332, 0.996190909257903, 0.041053260015354365, -1.825353587491927], [-0.021625207769328983, -0.04283276640141449, 0.9988481889212882, 26.050211919266744], [0.0, 0.0, 0.0, 1.0]], [[0.9617257949489085, 0.2736109583659126, 0.01485054854130501, -33.97235590107739], [-0.27398427181405943, 0.9594153231323067, 0.06674471168152843, -3.471874947025412], [0.004014240701591342, -0.06825892762868228, 0.9976595635138124, 6.671273773992357], [0.0, 0.0, 0.0, 1.0]], [[0.9092709716062948, 0.40700333577415654, 0.08703209099436936, -36.12706228576564], [-0.41196347918016724, 0.9098844833774753, 0.04895220863943104, 20.705627915310576], [-0.05926543694191221, -0.08036486531821485, 0.9950020584935834, 42.244596425129636], [0.0, 0.0, 0.0, 1.0]], [[0.902885848885485, 0.42308760084902797, 0.07611849900090739, -58.55774963995066], [-0.4263942557619849, 0.9039172551365432, 0.033489319485464256, 16.631484633586908], [-0.05463590884684232, -0.06269352338344195, 0.9965362209123414, 20.185395596173304], [0.0, 0.0, 0.0, 1.0]], [[0.981760087286758, 0.15983346624134478, 0.10295821521361814, -23.876348338311715], [-0.16184465624769592, 0.9867500356354284, 0.011431291158363763, 5.226324628993993], [-0.09976691964154251, -0.027886022354559843, 0.9946199935163581, 56.274758748864436], [0.0, 0.0, 0.0, 1.0]], [[0.9964150081085796, 0.017707710262909827, 0.08272586423376808, -32.61128010220698], [-0.016998538758310262, 0.9998125494439052, -0.009269069778604599, -18.159585960031645], [-0.08287449122656024, 0.00782962142911487, 0.9965292347604338, 38.135736122543335], [0.0, 0.0, 0.0, 1.0]], [[0.9167715459280357, 0.3792706980736586, 0.1252344607503723, -33.537061174232235], [-0.38396192129175954, 0.9232306192563947, 0.014780617896269471, 21.417156355479946], [-0.11001443348332877, -0.06163571408018505, 0.9920170679858122, 55.57281295206189], [0.0, 0.0, 0.0, 1.0]], [[0.8335388785327278, 0.5334001342362004, 0.14386533554405923, -64.93655972260999], [-0.5343787613416299, 0.8445185794009807, -0.03503867111541934, 42.23948756260308], [-0.14018658067513703, -0.04767248518120863, 0.9889767726065463, 40.439330586218574], [0.0, 0.0, 0.0, 1.0]], [[0.9114545477285666, 0.41044253793218977, 0.028062973482783717, -20.850182210604334], [-0.41009312234322226, 0.90100675862092, 0.14145830455017516, 4.165000873916207], [0.03277557675617077, -0.14044124741401967, 0.9895463696023005, 52.63792681477405], [0.0, 0.0, 0.0, 1.0]], [[0.9391391814208534, 0.3284797262266662, 0.10059158701513068, -45.43544494167092], [-0.3379978200710972, 0.9358675643074827, 0.09954584724822543, -5.957919049963972], [-0.06144161087857586, -0.12748714262715002, 0.989935329664221, 47.63887874578299], [0.0, 0.0, 0.0, 1.0]], [[0.9393721187106259, 0.3428921396712092, 0.0022367701737798797, -12.63466738894943], [-0.3425511099133158, 0.9381039707550308, 0.05118278178059281, 11.923186027578055], [0.015451850577382718, -0.04884588626838839, 0.9986867976039286, 15.25824936050147], [0.0, 0.0, 0.0, 1.0]], [[0.9438838078768782, 0.33010790460022316, 0.010589076838728945, -35.912991645240176], [-0.3300052871266498, 0.9413185642557744, 0.07082281451555775, -0.4038400092872222], [0.013411476290994633, -0.07034295919207342, 0.9974327046953101, 6.849996881586013], [0.0, 0.0, 0.0, 1.0]], [[0.8950129458284505, 0.43520470398158073, 0.09771741109844105, -27.29656920907259], [-0.43939019951066705, 0.8979399634304402, 0.025299696609096756, 23.2131133526808], [-0.07673382157466581, -0.06557962874888373, 0.9948925735574184, 49.30932440385637], [0.0, 0.0, 0.0, 1.0]], [[0.9299282017570001, 0.35863497029498725, 0.08132956202085326, -43.35154555322794], [-0.36289319914564816, 0.9307377743319118, 0.045118969907509375, 7.148248454081613], [-0.05951525511015825, -0.07147134749808033, 0.9956654964876411, 42.75112257328059], [0.0, 0.0, 0.0, 1.0]], [[0.967039610638943, 0.2503170274915361, 0.046645227012868974, -27.471122509589613], [-0.2517615310262002, 0.9673807990612011, 0.02811620712430502, 10.764698595062093], [-0.03808573158840795, -0.03893295975795636, 0.9985157493469299, 28.406507335000548], [0.0, 0.0, 0.0, 1.0]], [[0.9479294501776144, 0.31834751935149846, -0.009198609064029915, -40.47541342807667], [-0.3173849428949698, 0.9466683474988631, 0.0555503183368805, 4.354393537843867], [0.026392338083665205, -0.04973828270577024, 0.998413515395278, 28.182213573546786], [0.0, 0.0, 0.0, 1.0]], [[0.9545751448658337, 0.2931989032361669, 0.05311022449097058, -11.558851769182162], [-0.2967023832722921, 0.9517181149775161, 0.0787421449046554, 5.885737001901048], [-0.027458852214070913, -0.0909232245620054, 0.9954792708390932, 65.61320455370088], [0.0, 0.0, 0.0, 1.0]], [[0.9713178718187322, 0.2340971718978684, 0.04171457772707587, -27.94555956148051], [-0.23584523713539016, 0.9708155441331661, 0.04352244696673853, -1.8097524723033456], [-0.030308678725408024, -0.052112315040121024, 0.9981811912749489, 51.00462877296061], [0.0, 0.0, 0.0, 1.0]], [[0.965876511932904, 0.25846049247346264, -0.016755223863120703, -1.7446373630670475], [-0.2568338450739418, 0.964135910976945, 0.06692025993069617, 9.147670796800355], [0.03345055636103236, -0.060333398669664105, 0.997617632805328, 58.38361085310588], [0.0, 0.0, 0.0, 1.0]], [[0.9741894211212856, 0.2216014300387826, -0.04298578811814073, -16.129612885999116], [-0.21753305137228068, 0.9724829308583866, 0.08340456072510045, -11.110563052431695], [0.06028551514282586, -0.07190101107667927, 0.9955882187280607, 50.15428037139332], [0.0, 0.0, 0.0, 1.0]], [[0.9253248601809403, 0.37452606470422856, 0.059195692311925695, -25.259673274469804], [-0.37688147308490494, 0.9255961084575126, 0.03510269581757175, 20.905464216313312], [-0.041644427916301976, -0.054791156818167965, 0.9976290246168918, 42.71738353716702], [0.0, 0.0, 0.0, 1.0]], [[0.8979165314180901, 0.4341113609036728, 0.07275458020268968, -51.08960807305981], [-0.4357716180075273, 0.9000223815093277, 0.007925258442599059, 23.569919531904294], [-0.062040305811706116, -0.03882060170375493, 0.9973183851399468, 22.302002382794264], [0.0, 0.0, 0.0, 1.0]], [[0.88439177415583, 0.4648155420833977, 0.04239931182479639, -21.679966417028684], [-0.4665682799905225, 0.8829029120023998, 0.05288183132575285, 24.74897579183966], [-0.012854178782967914, -0.06655043061766919, 0.9977002607358659, 29.204971697393933], [0.0, 0.0, 0.0, 1.0]], [[0.9608442382822285, 0.27638209687193943, 0.019780957724923828, -32.14166124024909], [-0.2770820654939067, 0.9588759261331748, 0.06150192894436435, -4.203167180758885], [-0.001969452074975086, -0.06457472269330496, 0.9979109311194091, 11.710177417867861], [0.0, 0.0, 0.0, 1.0]], [[0.9816519825611922, 0.17329725744403776, 0.07954524307622071, -17.89740713197196], [-0.1778615487180266, 0.9825526652840095, 0.054364781163128095, -0.055893536473973396], [-0.0687361231180897, -0.0675153353369786, 0.9953476904444145, 25.703935749996507], [0.0, 0.0, 0.0, 1.0]], [[0.9972315685704416, -0.026917308030716656, 0.06931563441906301, -23.52271653409496], [0.024452694254304106, 0.9990467035021561, 0.0361628257355621, -22.273894423101186], [-0.07022296198711069, -0.03436775741672163, 0.9969391119120078, 13.288363765146876], [0.0, 0.0, 0.0, 1.0]], [[0.9828893934611843, 0.18124253185645225, 0.032857036807455664, -8.059742594414072], [-0.18197110098082672, 0.9830857299300871, 0.02071149477109656, 4.174807801469174], [-0.028547480262352064, -0.02633613969605786, 0.9992454398778002, 20.03767502312382], [0.0, 0.0, 0.0, 1.0]], [[0.9989419512707008, -0.005429845623544367, 0.045667217651067835, -20.970668299695813], [0.0036456622966314456, 0.9992301318923095, 0.03906216410923317, -28.42360156052067], [-0.04584416143746597, -0.038854347182551124, 0.9981926931044489, 12.959734660901935], [0.0, 0.0, 0.0, 1.0]], [[0.9592229005732066, 0.2576751076575558, 0.11616783509040265, -31.909278339530452], [-0.2548670798533514, 0.9662026311267496, -0.03866842653603838, 22.920333626624867], [-0.12220555888726742, 0.007484283360124072, 0.9924765926104442, 33.11086469982515], [0.0, 0.0, 0.0, 1.0]], [[0.9629215629632152, 0.24581176944493696, 0.11116940938418647, -52.826672699683805], [-0.2487118213017932, 0.9684929426522958, 0.012800389737956195, 0.35126125727887647], [-0.10452030197633654, -0.03997491757399676, 0.9937190309336571, 21.490563848423566], [0.0, 0.0, 0.0, 1.0]], [[0.9239263003290369, 0.3741642255579216, 0.07975790790219126, -22.020641789796226], [-0.37550191603738053, 0.9268196234058164, 0.0019226861811358993, 25.59946957578548], [-0.07320179377958931, -0.03172566756643652, 0.9968124093353321, 50.17290414028515], [0.0, 0.0, 0.0, 1.0]], [[0.986175152480997, 0.15460276079768281, 0.05963685926351024, -30.375048928950356], [-0.15883596024759222, 0.984502409696049, 0.07433803222375178, -18.658866312902706], [-0.04721976663757084, -0.08278279807066583, 0.9954482919681379, 39.29834096807903], [0.0, 0.0, 0.0, 1.0]], [[0.9969807632699954, 0.05055204922142049, 0.05893935857378362, -14.304697499885672], [-0.05419282568136814, 0.996609817758621, 0.06190322117462618, -11.78202464360198], [-0.055610208723244445, -0.06491041108051092, 0.9963403751826558, 26.646091422602968], [0.0, 0.0, 0.0, 1.0]], [[0.999169910358684, 0.005552710217366253, 0.04035663071986084, -29.66909048612708], [-0.007657713257755729, 0.998607598238573, 0.05219410089130164, -28.70434252730249], [-0.040010619358855894, -0.05245981461491579, 0.9978211854781832, 9.031023852401052], [0.0, 0.0, 0.0, 1.0]], [[0.9804873269104601, 0.1693511371495838, 0.0998238153654909, -26.585131952108767], [-0.17159379825715806, 0.98506453969683, 0.014262574506610032, 6.456737693140274], [-0.09591751752241344, -0.031113421187933168, 0.9949029022242933, 22.55941251253594], [0.0, 0.0, 0.0, 1.0]], [[0.9852736798074103, 0.16791441497730608, 0.032257171630451824, -31.437240872148468], [-0.16873219582444876, 0.9853561716310685, 0.02454915723245789, -7.967593979830824], [-0.027662645770554266, -0.029630461882886712, 0.999178069093584, 9.83809940220102], [0.0, 0.0, 0.0, 1.0]], [[0.9155800244402688, 0.3997286779745276, 0.04393407391412759, -23.02407112502451], [-0.40212659588255506, 0.9093385471581461, 0.1067595781942858, 8.28728114652942], [0.0027239181089086643, -0.1154139967986976, 0.9933137417820634, 41.69517147382242], [0.0, 0.0, 0.0, 1.0]], [[0.9804563740341696, 0.17609989382915525, 0.08771616731896995, -37.91947567514438], [-0.1839260927231088, 0.9787224414078087, 0.09095919469932899, -20.138522738268442], [-0.06983187690002088, -0.10531481414359674, 0.9919840214895204, 43.439524792014836], [0.0, 0.0, 0.0, 1.0]], [[0.9461570892895382, 0.31874409249451774, 0.05647092957438009, -25.623776631465763], [-0.3216045546038807, 0.9454495291648904, 0.05192011421332264, 14.073568566270739], [-0.03684118409046412, -0.06728589229349344, 0.997053326484135, 38.93062324671996], [0.0, 0.0, 0.0, 1.0]], [[0.9675994499637193, 0.2518051569115579, 0.018586752880878812, -34.192851142250774], [-0.2524838367702399, 0.9654727337113467, 0.06414290786765664, -7.291703206903858], [-0.001793488134340441, -0.0667574970522826, 0.9977676182296302, 23.946320646859267], [0.0, 0.0, 0.0, 1.0]], [[0.9875526233258944, -0.1413917191416082, 0.06890716886014837, 1.2649757444121323], [0.14071200211359258, 0.9899422523468056, 0.014644776533506255, -4.854867999504386], [-0.07028476807477425, -0.004766421793394732, 0.9975155801289328, 32.43873422444492], [0.0, 0.0, 0.0, 1.0]], [[0.9684491845273914, -0.2368283564500878, 0.07757903434160682, -6.255193740523401], [0.2392142498495991, 0.9706961433155068, -0.02292465967666892, -22.455696728667824], [-0.06987645996413587, 0.04075937847352184, 0.9967226060491094, 20.693092283714037], [0.0, 0.0, 0.0, 1.0]], [[0.9375663927448156, 0.34391063961544766, 0.051910799981988116, -15.647296405437372], [-0.347745031027421, 0.9297040000220028, 0.12134193726337916, -3.093948297779339], [-0.006530895131170165, -0.13181784515908873, 0.9912524416647875, 49.35017026021482], [0.0, 0.0, 0.0, 1.0]], [[0.9955516143428009, -0.08549742488370836, 0.039587542455933565, -7.686799240507321], [0.08241600755925808, 0.9938590422566809, 0.07383634486229705, -39.14934052821106], [-0.045657254379101654, -0.0702452451265309, 0.9964843303633412, 43.92389584657244], [0.0, 0.0, 0.0, 1.0]], [[0.9830342707448505, 0.16518974376850806, 0.07972434443025332, -10.192384372619063], [-0.17144188232529267, 0.9820034098260975, 0.07922741996731632, -7.1004756163708045], [-0.06520202087281798, -0.09155136068683939, 0.9936634464598602, 49.64556303593637], [0.0, 0.0, 0.0, 1.0]], [[0.9856049664282185, 0.11941703800081441, 0.11967631840568975, -33.3758437600862], [-0.12749620484981777, 0.9898824980793567, 0.06226843297422231, -17.225311426414766], [-0.1110295811976307, -0.07663035319822001, 0.9908583254268957, 39.547903125265414], [0.0, 0.0, 0.0, 1.0]], [[0.9309064955014378, 0.3600508011155694, 0.06145337459628912, -16.281532173620924], [-0.36502004244798697, 0.9231063114469005, 0.12097564373943866, 3.0170451892890857], [-0.013170620505688409, -0.13504872595822046, 0.9907514200709271, 66.09453407824596], [0.0, 0.0, 0.0, 1.0]], [[0.983870038679368, 0.17162150259228492, 0.05045598910962298, -25.71358151380585], [-0.17670649994467066, 0.976310968215