[[[0.9752384164040843, 0.18553389337452603, -0.1203628081217148, 5.013238650455987], [-0.20187533132389993, 0.9690766049339656, -0.14190449031840693, 28.965674171539074], [0.09031268887880783, 0.16268899218739788, 0.9825354497668419, -41.547654103575695], [0.0, 0.0, 0.0, 1.0]], [[0.9928645386127515, 0.07680053768741778, -0.09122327211965058, -12.921656109686607], [-0.08958828999914818, 0.9852845283678214, -0.14556213949386207, 8.796058674872567], [0.07870162806651977, 0.1526960234253844, 0.9851344975026282, -63.76703641344684], [0.0, 0.0, 0.0, 1.0]], [[0.8490615378124748, 0.5210925948603181, -0.08693107953577832, -12.303957823996555], [-0.5263470944378725, 0.8202875856593795, -0.22380128013466627, 63.90099812473736], [-0.04531270444726702, 0.23577698020554433, 0.9707502121662555, -27.26748494594512], [0.0, 0.0, 0.0, 1.0]], [[0.9566568256780138, 0.28634471063750744, -0.05305115053976185, -25.837845332139747], [-0.29081503762989985, 0.9489244638578639, -0.12234776573517583, 22.625739205264832], [0.015307899006401893, 0.13247289753754057, 0.991068413201642, -38.66607910548864], [0.0, 0.0, 0.0, 1.0]], [[0.8997652840776423, 0.4301638059651091, -0.07335893678544347, -3.8131909668800037], [-0.43332937952787354, 0.9005956628538179, -0.033957339219655866, 28.406941553791544], [0.05145952202136234, 0.06234221752955524, 0.9967273275609676, -23.026885444779683], [0.0, 0.0, 0.0, 1.0]], [[0.9366769833825764, 0.3442848195225594, -0.0640639668427993, -23.560286073057505], [-0.34824758709953196, 0.9350139767450364, -0.06687661303314689, 19.82369115544304], [0.036876101755351, 0.08495190602776105, 0.9957024288318168, -32.95768245516037], [0.0, 0.0, 0.0, 1.0]], [[0.9978379278226522, 0.020662958809701235, -0.06238999865224903, 2.7888872771302315], [-0.022222872783760193, 0.9994549252092343, -0.024413037505449056, 2.1715915071887557], [0.061851545848392864, 0.025746739759321857, 0.9977532218278885, -19.151308716965517], [0.0, 0.0, 0.0, 1.0]], [[0.9898430138869718, 0.10087459511711752, -0.10017546565459796, -9.871880270773364], [-0.10551038528273617, 0.9935267391059285, -0.04209723600226765, -2.7137458090080573], [0.09528046209295213, 0.05223920693788992, 0.9940788192099531, -47.269154351818884], [0.0, 0.0, 0.0, 1.0]], [[0.9969065655858484, 0.07858748517975767, 0.0011430944636800823, -3.50789016792539], [-0.07802609317394413, 0.9913237410949213, -0.1057788689936768, 19.351073579108238], [-0.009446071979532336, 0.10536245780491198, 0.9943890205595937, -3.3177021233968063], [0.0, 0.0, 0.0, 1.0]], [[0.9882910613762882, -0.1523803993382696, -0.007809731188729877, -6.484579464261324], [0.15136732326742694, 0.9855900445041229, -0.07549965311983985, -13.78177839791013], [0.019201860602167567, 0.07343349420987207, 0.9971152443311377, -18.616479752014442], [0.0, 0.0, 0.0, 1.0]], [[0.9986996683063855, -0.046452101473905334, -0.021004161334789644, 3.057903307166169], [0.04577655038806107, 0.9984525832461714, -0.031574458722541325, -1.307618958926836], [0.022438359104203148, 0.030571903403454666, 0.9992806806713549, -20.79113891217276], [0.0, 0.0, 0.0, 1.0]], [[0.9503949917355416, 0.3109276302409357, -0.008565537738777145, -33.34874944372384], [-0.31077228859176376, 0.9480456661792083, -0.06804409954036487, 13.01191453763071], [-0.013036269690221864, 0.06733070318641636, 0.9976455443096943, -40.64563118707853], [0.0, 0.0, 0.0, 1.0]], [[0.9658754521792312, 0.25523960985283034, -0.044015365950330766, -5.839468037403533], [-0.2576700417055699, 0.9641575985534083, -0.06329514009127281, 21.873190900164783], [0.026282322671643658, 0.07247666323651344, 0.9970237573905074, -25.970059443057234], [0.0, 0.0, 0.0, 1.0]], [[0.9927633780296036, 0.10973900336364938, -0.04876706249101616, -17.13052100949101], [-0.11241341878236837, 0.9920837898191693, -0.05597300470487421, 0.432636077963333], [0.042238590422853856, 0.061050021447866344, 0.9972405910111685, -44.7985397731735], [0.0, 0.0, 0.0, 1.0]], [[0.9856049425072927, 0.16855887636745984, -0.013069143160013138, -9.278331167418354], [-0.1690482727038642, 0.9836397628256512, -0.06225350178213201, 12.721589827620456], [0.0023619485679139624, 0.06356667512177554, 0.9979747987864845, -10.685388811095276], [0.0, 0.0, 0.0, 1.0]], [[0.9812440371543385, 0.17987871327742852, -0.06930936487020203, -16.004700158818117], [-0.185237803059156, 0.9793721169581928, -0.0807292564231932, 7.7547098527242], [0.05335818462871008, 0.09205381596914358, 0.9943233875850669, -35.760684368940886], [0.0, 0.0, 0.0, 1.0]], [[0.9902720870840154, 0.11572422754980906, -0.07725992946068222, 8.592981455134561], [-0.11910835993406374, 0.9920459551718726, -0.04071880917886219, 9.695640390720603], [0.07193324777936211, 0.04952500363581094, 0.9961791414594003, -24.694316416301316], [0.0, 0.0, 0.0, 1.0]], [[0.9675782238268538, 0.2514817839113044, -0.023437003581081913, -24.481596974800777], [-0.25217594216914724, 0.9670860665181691, -0.03393868202390915, 4.7779032793015075], [0.01413063930522957, 0.038748578131399376, 0.9991490743255602, -40.281213685994025], [0.0, 0.0, 0.0, 1.0]], [[0.9743424489667468, 0.22298324121226953, -0.0305821235357504, -9.574337666826978], [-0.2232213412365264, 0.9747571066237232, -0.004562444861759658, 14.127563104314634], [0.028792793508989854, 0.011271966333393996, 0.9995218445921669, -1.9517264313127534], [0.0, 0.0, 0.0, 1.0]], [[0.9965532380030891, 0.06348170276859179, -0.05340147225646741, -11.238140192645334], [-0.06291638095280148, 0.9979441912509671, 0.012203284650215973, -11.969185174316465], [0.05406637433155688, -0.008801395460517765, 0.9984985541324469, -23.08053645494702], [0.0, 0.0, 0.0, 1.0]], [[0.997130386260389, 0.060400548211116185, -0.04563733747717666, 3.417320636767861], [-0.05980399054224863, 0.9981073166409727, 0.01432714845958713, 0.9632827960421567], [0.04641632806924436, -0.011556740178659555, 0.9988553279854959, -12.820880074378724], [0.0, 0.0, 0.0, 1.0]], [[0.9932006384968245, 0.06475088740348592, -0.09674613310084527, -1.4997006204208156], [-0.06278584449755092, 0.9977568080611259, 0.02322261179116813, -15.483533877470153], [0.0980327976762608, -0.016990425189942995, 0.9950381379784554, -34.96120256527725], [0.0, 0.0, 0.0, 1.0]], [[0.9746323012152914, 0.20271347243332025, -0.09486372078835567, 0.41180553868597325], [-0.20232290056964586, 0.9792213626995658, 0.013819071527830313, 2.917633549860437], [0.09569389391633563, 0.005724589664901145, 0.9953943478543049, -19.44450699082144], [0.0, 0.0, 0.0, 1.0]], [[0.927498501421232, 0.36826515158613515, -0.06424412804771006, -27.33181820318592], [-0.3704961577297922, 0.9284483001500685, -0.026764735304299913, 17.4562032026504], [0.04979083217651899, 0.048626454484051514, 0.9975752307247219, -46.59837196430328], [0.0, 0.0, 0.0, 1.0]], [[0.9820175436715475, 0.17203503931955894, -0.07775274379478407, -0.7632442604405555], [-0.1758799266066751, 0.983354818805493, -0.045602102460801895, 12.612564871114795], [0.06861337579605115, 0.05845721151690907, 0.9959291938102498, -42.77636378514641], [0.0, 0.0, 0.0, 1.0]], [[0.9909895154972999, -0.08253432832819403, -0.10548869523242738, 4.711667289672836], [0.07997703508873037, 0.9963961963024452, -0.028254094436669753, -19.701950441418084], [0.10744046738935048, 0.01956283827654209, 0.994019034689842, -50.290320029448964], [0.0, 0.0, 0.0, 1.0]], [[0.9613008916315781, 0.2527533840661435, -0.1096189882796141, 7.602064261747265], [-0.2592662937147608, 0.9645275466115759, -0.04967495114106406, 19.696087947670744], [0.0931750218231549, 0.0761730836356773, 0.9927316236716176, -35.77069626279869], [0.0, 0.0, 0.0, 1.0]], [[0.947342758809833, 0.30087089359588415, -0.10962847585088852, -12.235657446631853], [-0.3068768835597736, 0.9508042977402753, -0.04240006763278127, 15.696574084571], [0.09147827975653977, 0.07380984206349103, 0.9930678886900667, -53.62504020541058], [0.0, 0.0, 0.0, 1.0]], [[0.9448843716016216, 0.32444635900855917, -0.04390995819970222, -5.0084473278438955], [-0.3250008839786237, 0.9456950406028991, -0.0059426923356359134, 13.133558591129718], [0.039597344811533805, 0.019885932343546738, 0.9990178176482675, -21.100490300157993], [0.0, 0.0, 0.0, 1.0]], [[0.9126809006306675, 0.40676235694523605, -0.03947098423337722, -26.04709563776756], [-0.40766914757221334, 0.9129480197804337, -0.018214809818728004, 13.779706709509208], [0.028625857921471348, 0.032715411526430135, 0.9990546842425184, -43.250174146870684], [0.0, 0.0, 0.0, 1.0]], [[0.9946612058265967, 0.08294140003542234, -0.061398776728410556, -0.10158903215369114], [-0.08541082223951355, 0.9955921099271369, -0.03874715596276466, 6.416283677696775], [0.05791439430704082, 0.04378441287714849, 0.9973609417462929, -18.5152677501043], [0.0, 0.0, 0.0, 1.0]], [[0.9927820990940042, 0.012862921345504822, -0.1192402992824344, 0.8999466753200626], [-0.01633956999483008, 0.9994680432952713, -0.028224969156916094, -13.277165765858339], [0.11881381304751222, 0.02996957934279643, 0.9924641566037172, -45.16058937776883], [0.0, 0.0, 0.0, 1.0]], [[0.9990622044095352, -0.04082742450009297, -0.014416418731755287, 1.6022734668891432], [0.04026440561572641, 0.9984890809457155, -0.037394289304571005, 3.907679948170941], [0.015921349213315943, 0.03677875257361109, 0.9991965942687944, -6.816210985835644], [0.0, 0.0, 0.0, 1.0]], [[0.9802958342509792, 0.19060823889778988, -0.05185148613552888, -15.631550068344774], [-0.19203197617044188, 0.981095739126682, -0.02397646336606643, -0.11740774831755676], [0.04630116065775031, 0.03346117050780597, 0.9983669428571815, -40.609276151226624], [0.0, 0.0, 0.0, 1.0]], [[0.8709160145382457, 0.4835388132239712, -0.0877240658358394, -5.6353414536510815], [-0.4887080824747133, 0.8709465684155366, -0.05115158931146542, 40.67181065751684], [0.05166919531699703, 0.08742019830195713, 0.9948306404530064, -23.26718617433343], [0.0, 0.0, 0.0, 1.0]], [[0.9878392185525469, 0.13515923173337588, -0.07684829449467101, -14.16307230553643], [-0.1368023361337078, 0.9904607651159427, -0.016510408665614488, -3.3643589516587005], [0.07388368641219847, 0.02682265540898593, 0.9969060868702522, -37.2484759976277], [0.0, 0.0, 0.0, 1.0]], [[0.9568434922655883, 0.27951080329696437, -0.07952510389353605, 4.5875390660117645], [-0.28429188358715396, 0.9570547426239204, -0.05678331222752157, 21.087261194990266], [0.060238328624391844, 0.0769410843525466, 0.9952142549738694, -30.69096128444038], [0.0, 0.0, 0.0, 1.0]], [[0.9858042206814904, 0.15040722752248947, -0.07461705164075003, -12.982155373947409], [-0.1532082860141851, 0.9876319471734176, -0.03332203503751611, -1.496064814459299], [0.06868230909889327, 0.04428095337099116, 0.996655375536299, -33.8812998051818], [0.0, 0.0, 0.0, 1.0]], [[0.9934780940223102, -0.07621114447812417, -0.0848123702954582, 16.17357854449326], [0.07404134557075603, 0.996849387220538, -0.028446060256391962, 2.9345483607899148], [0.086713066165782, 0.021980915708243096, 0.9959908049278139, -27.169783787649976], [0.0, 0.0, 0.0, 1.0]], [[0.9925012445103555, -0.03515180580862584, -0.11707104763257493, 8.569771813734], [0.03185868691101334, 0.9990455508524322, -0.029883296174727337, -11.87440636221032], [0.11800976109501288, 0.0259294787906179, 0.9926738429191867, -45.3177717599742], [0.0, 0.0, 0.0, 1.0]], [[0.936913073996002, 0.3485348294809646, -0.026783659459395145, -12.485247103524202], [-0.34956170468414866, 0.9340009410422521, -0.07381637183238067, 24.293243039030003], [-0.0007116134298719211, 0.07852206550301342, 0.9969121219222207, -2.861261086016357], [0.0, 0.0, 0.0, 1.0]], [[0.9714462412723802, 0.23696691699933461, 0.011784759887039574, -35.12586042828292], [-0.2363322473690988, 0.9708418499289294, -0.04016430355483127, 4.708576732342769], [-0.02095874927651552, 0.03623234293285445, 0.9991235900299621, -35.64938641738638], [0.0, 0.0, 0.0, 1.0]], [[0.9925997973106778, -0.04990155350530885, -0.11070445942489131, 15.736217205893505], [0.04538087796503085, 0.9980444099878816, -0.04298757503118679, 8.91257615997538], [0.11263311366522562, 0.03764559269948787, 0.9929232553709175, -39.652002273868156], [0.0, 0.0, 0.0, 1.0]], [[0.9771116256679938, 0.17829383795936102, -0.11603524606848942, -9.140839533824478], [-0.18283958321396238, 0.9826940117307376, -0.029701281431887414, 6.513180837461438], [0.10873158600240483, 0.05023730341362622, 0.9928009143585307, -51.431486439062674], [0.0, 0.0, 0.0, 1.0]], [[0.9794785539401177, -0.18731321014635602, -0.07440109996526033, 16.968248747145413], [0.1841598898688121, 0.981759653161785, -0.04725588203767452, -4.133291769980408], [0.08189564905952378, 0.03258442462770544, 0.9961081055471849, -16.320405578080912], [0.0, 0.0, 0.0, 1.0]], [[0.9776430576626004, -0.18093602470056658, -0.10712705899853989, 10.675337889586983], [0.18066096884536664, 0.9834679124759514, -0.012348257611641376, -23.936386747019455], [0.10759026972721117, -0.007281489939980426, 0.9941686545874788, -31.653526524832095], [0.0, 0.0, 0.0, 1.0]], [[0.9972067374010266, -0.04050733894526268, -0.06275251687045438, 8.33368076461578], [0.04097208094830577, 0.9991414480987315, 0.0061363893242693535, -5.277330315364894], [0.06245007177552749, -0.008690349978403296, 0.9980102536309368, -11.341303137328648], [0.0, 0.0, 0.0, 1.0]], [[0.9956217065988746, 0.05186759384803482, -0.07776355224371075, -10.304988744513539], [-0.0515008834136546, 0.9986503720894738, 0.006715156972725795, -15.56791478839214], [0.07800689941766818, -0.0026808644073296056, 0.9969492146590377, -32.13642849375984], [0.0, 0.0, 0.0, 1.0]], [[0.976248890547465, 0.15633940257705364, -0.1499869824574655, 15.296624545639002], [-0.163682587496598, 0.9857865153102684, -0.03785441563223306, 15.09088906028608], [0.14193700805380033, 0.06150558864273482, 0.9879630298297839, -24.358739643669804], [0.0, 0.0, 0.0, 1.0]], [[0.9613849633888669, 0.19890796261011598, -0.1901961476478456, 6.158645904642933], [-0.21299277053354657, 0.9754176949943769, -0.05651902327802935, 8.28461042861936], [0.17427860416652513, 0.09484694355724488, 0.9801178630285334, -46.91818509203801], [0.0, 0.0, 0.0, 1.0]], [[0.9955891778747384, 0.040564104160370686, -0.08459753159735836, 10.28208417925305], [-0.04780913294955424, 0.9951945215389598, -0.08545262491843046, 15.340506066800186], [0.08072469080344187, 0.08912024322512076, 0.9927442301732002, -11.46557980905533], [0.0, 0.0, 0.0, 1.0]], [[0.9997355232563482, 0.02108078651992459, 0.009191516689463455, -20.18019233587416], [-0.02060280724780432, 0.9985706644541523, -0.04931685741304565, -4.942642777388423], [-0.01021801707089695, 0.04911444320452199, 0.9987408891178154, -25.583243633758816], [0.0, 0.0, 0.0, 1.0]], [[0.9671295802521822, 0.25341886662177276, 0.020958364472756615, -17.385006805480977], [-0.25242990627480727, 0.9667461696644082, -0.04099982752754429, 16.435714878481896], [-0.030651548400186496, 0.0343616280075946, 0.9989393180275472, -14.140649882765283], [0.0, 0.0, 0.0, 1.0]], [[0.9261824526243477, 0.37354153550462715, 0.05150520074317717, -48.33498618388525], [-0.37066023700247813, 0.9269806314786283, -0.05760119416080574, 18.63048126011868], [-0.06926076202307141, 0.03425828536762004, 0.997010188878557, -34.086995617510446], [0.0, 0.0, 0.0, 1.0]], [[0.9881525563152007, 0.15321736571113903, -0.008886185473771433, -6.64415833030744], [-0.15345946391041942, 0.9872154899970715, -0.04307864025442335, 12.581854351252867], [0.0021721841684935413, 0.043931937749004835, 0.9990321648783674, -26.639074153315676], [0.0, 0.0, 0.0, 1.0]], [[0.8828353546164592, 0.4671674744384315, -0.04854160551573605, -30.27908413610131], [-0.4695209273063608, 0.8805169794284112, -0.0651148812456982, 31.575172478103195], [0.0123221532454102, 0.08027701891004269, 0.9966964255851994, -52.71501907666125], [0.0, 0.0, 0.0, 1.0]], [[0.9918240982361133, 0.11571481300512532, -0.053805577864319616, 1.9319548347617796], [-0.1157139270058416, 0.9932776113576207, 0.003142271883458937, 4.349511424913933], [0.05380748326219342, 0.0031094737322746374, 0.9985464866084603, -6.450760762345593], [0.0, 0.0, 0.0, 1.0]], [[0.9955229550102644, -0.04428049880883061, -0.08350618823100907, 0.4470882471971772], [0.045251970714395656, 0.998927769741034, 0.009775990316419052, -19.40836665874558], [0.08298376464161557, -0.013511042352253647, 0.9964593050097232, -36.19685978266972], [0.0, 0.0, 0.0, 1.0]], [[0.9259432510142019, 0.37647487601667773, -0.029929310541324777, -10.588301943250883], [-0.3769079941306133, 0.9161790609069838, -0.13622148257906092, 44.29481064528491], [-0.02386335813941562, 0.13741395883907306, 0.9902262085273681, -21.67743916323574], [0.0, 0.0, 0.0, 1.0]], [[0.9816379291179518, 0.17334336491064567, -0.0796181760559443, -12.847152887997924], [-0.18180173640051275, 0.9765427834788792, -0.11537903049117113, 17.09820701192094], [0.057750365875715526, 0.1277351552110025, 0.9901255604035488, -48.532580893609314], [0.0, 0.0, 0.0, 1.0]], [[0.9915878639038711, 0.07079875068506851, -0.10835610301219542, 14.118769172309793], [-0.0765097209240035, 0.9958401558779574, -0.04948380083517027, 11.685202306656722], [0.10440196723571395, 0.057357831569866735, 0.9928798056134046, -17.8302414365803], [0.0, 0.0, 0.0, 1.0]], [[0.9943574812240258, 0.04926012024890442, -0.09395020003637569, -2.4541209528901766], [-0.05428824060296279, 0.9971841783034806, -0.05173491541933555, -1.999233381407243], [0.09113718487009764, 0.056543391251979803, 0.9942317931145028, -49.26669544692907], [0.0, 0.0, 0.0, 1.0]], [[0.9944079490636955, -0.048204728238986944, -0.09396347702346329, 15.706429498947577], [0.04072139703331989, 0.9959632646168306, -0.07999339571139517, 8.443766257959412], [0.09744023123221851, 0.07571974451350537, 0.9923567511879084, -37.36242049844371], [0.0, 0.0, 0.0, 1.0]], [[0.9974282914214848, -0.009296683149864553, -0.07106599154608317, -2.0202037812346525], [0.002694939717621584, 0.9957152628121971, -0.09243296329100396, -0.4673220111653984], [0.07162081242163712, 0.09200373408318119, 0.9931796273297271, -49.3720990436873], [0.0, 0.0, 0.0, 1.0]], [[0.9848561434124492, 0.17330874934848256, 0.004738584390093342, -9.913486740407931], [-0.17262584415740215, 0.9827781897043428, -0.06593442022495857, 15.098316031369148], [-0.01608398929686207, 0.06411791669043758, 0.9978127068982328, 0.14672254216787772], [0.0, 0.0, 0.0, 1.0]], [[0.9873548022028107, 0.1546722644973525, -0.034741691989784114, -19.005343160148136], [-0.1564127093118985, 0.9861750779365177, -0.05471544592358482, 0.2858785734303419], [0.025798428881688474, 0.05945760045752109, 0.9978974069587866, -19.123870754852348], [0.0, 0.0, 0.0, 1.0]], [[0.9861011168261382, 0.15874924398371207, -0.04902310607095908, -1.7305620066154692], [-0.16235097433877896, 0.9833818441011558, -0.08125459878346017, 22.09448956616988], [0.03530932632455211, 0.08808419964336327, 0.995487029170997, -19.842396342209664], [0.0, 0.0, 0.0, 1.0]], [[0.9936416084105215, -0.04201278272389717, -0.10445707311210477, 2.6805238246625014], [0.03570848989420512, 0.9974676262236609, -0.06150803512723282, -5.193936126863428], [0.1067766724749767, 0.05738693861439266, 0.992625549485627, -43.198253778708505], [0.0, 0.0, 0.0, 1.0]], [[0.94061400659874, 0.33885884627944357, -0.020493240066635582, -13.914141866279506], [-0.33945862415053235, 0.9394894895850937, -0.046123111874288636, 25.010412937934788], [0.0036239591736091335, 0.050340652134283244, 0.9987255306952969, -17.322127436927943], [0.0, 0.0, 0.0, 1.0]], [[0.976776163998072, 0.20788934708007098, -0.051868533966520386, -21.09657756570211], [-0.21053191803872856, 0.9761988383450786, -0.052078205620520554, 9.810575695991908], [0.039807498441227725, 0.0617887318557434, 0.9972950995986659, -37.23633940742358], [0.0, 0.0, 0.0, 1.0]], [[0.9968494423179681, 0.04627170684043594, -0.06442141333770508, 8.274381715944468], [-0.05081170129541215, 0.9962014392287375, -0.07071678365180918, 11.448273022783054], [0.060904518402336245, 0.07376734795737017, 0.9954139932779297, -11.364427518565853], [0.0, 0.0, 0.0, 1.0]], [[0.992361925544319, 0.08291753232939825, -0.09133724082966196, -1.8775958173398464], [-0.09066420283602222, 0.9923149100195406, -0.0842087980974877, 3.9579163955001824], [0.08365292017665084, 0.09184662315685883, 0.9922531868231029, -41.49724652170526], [0.0, 0.0, 0.0, 1.0]], [[0.9422339913359022, 0.3319018599167533, -0.04512494825499186, -3.9055812894111517], [-0.33399453013750463, 0.9411630365355446, -0.05157317614244651, 21.37749966629449], [0.025352700239685107, 0.06366548549247204, 0.997649210167363, -12.614065107221624], [0.0, 0.0, 0.0, 1.0]], [[0.9372705076162517, 0.31828018759512366, -0.14220308624353953, -4.03155557991326], [-0.32618716435439654, 0.9446332652267551, -0.03563604968957276, 16.22599597344871], [0.12298751710320999, 0.07978543984620752, 0.989195811872115, -52.7592807450097], [0.0, 0.0, 0.0, 1.0]], [[0.9941608421965696, -0.021067714439063395, -0.10583180642568955, 14.454054435358747], [0.021397275212613108, 0.9997690926369545, 0.001979399241885308, -0.8916984775160022], [0.10576566766435254, -0.004232353505694425, 0.9943820748220091, -34.392359845098824], [0.0, 0.0, 0.0, 1.0]], [[0.9957652681725592, 0.02055524059009864, -0.08960475872137144, -2.117612474464789], [-0.025399748842993, 0.9982573454769494, -0.053264668965715675, -1.803494227742045], [0.08835374049775654, 0.055315045743428215, 0.9945520912724762, -54.671176902127435], [0.0, 0.0, 0.0, 1.0]], [[0.9997717667722711, 0.018736888432764626, -0.010263692167288108, -3.391939945818283], [-0.019303418318143938, 0.9981180789543758, -0.058203767108822704, 8.599958200143476], [0.009153819218308079, 0.05838860741858344, 0.998251961238962, -12.657422333742973], [0.0, 0.0, 0.0, 1.0]], [[0.9824791044623741, 0.18636778392246234, 0.0013632353578182054, -26.97276956762741], [-0.18587595522361666, 0.9803676213123351, -0.06579860448445313, 8.774452578110305], [-0.01359921190799122, 0.0643923613344304, 0.997831992490348, -30.051298721682443], [0.0, 0.0, 0.0, 1.0]], [[0.9815446459887631, 0.1762534507522005, -0.07419453503282401, 0.8319162465311669], [-0.1805987570205257, 0.9819284591030558, -0.05657375863547562, 14.260588406959451], [0.06288240527712383, 0.0689291106967555, 0.995637775903025, -22.292757668922693], [0.0, 0.0, 0.0, 1.0]], [[0.9788678968490611, 0.17491522691688638, -0.1059353761069036, -11.943122653644208], [-0.1806298837924841, 0.9824312997262801, -0.046921065623528595, 1.0266320609033066], [0.09586702039497591, 0.06506461950052315, 0.9932653772732853, -48.59039027244264], [0.0, 0.0, 0.0, 1.0]], [[0.9895450265941624, -0.05384745200280598, -0.13379496349102027, 23.507776647322135], [0.05946872616039075, 0.9974922170968747, 0.03837639170141826, -12.329329034521034], [0.13139296385887014, -0.04593178359225494, 0.9902657018721869, -32.70182055181228], [0.0, 0.0, 0.0, 1.0]], [[0.9971385899341806, 0.03677487280215281, -0.06604726485223344, -9.250766292065952], [-0.03656281020881048, 0.9993215950751732, 0.004417072112560308, -14.340876146827384], [0.06616489532758373, -0.0019895594483527314, 0.9978067188987516, -52.988364462659696], [0.0, 0.0, 0.0, 1.0]], [[0.9673509082580922, 0.23005185514282525, -0.1063407929140471, 7.330354276219698], [-0.23422458046238223, 0.9717675089829214, -0.028403422194287153, 17.251704043387385], [0.09680426746515164, 0.05238370386361153, 0.993923981685755, -13.588124376855074], [0.0, 0.0, 0.0, 1.0]], [[0.9965591124891487, 0.004022261188093056, -0.08278741890995095, -1.2706002614589416], [-0.002914222227773223, 0.9999046155188056, 0.013500636021836869, -18.396738972496593], [0.0828338253592341, -0.013212920915593444, 0.9964757779781859, -24.37017282718035], [0.0, 0.0, 0.0, 1.0]], [[0.8771834771792014, 0.46733670880449873, -0.11020684174580346, 3.804689165508748], [-0.4752200691209626, 0.8778137334176835, -0.06007441491996959, 34.08631987231876], [0.068666099849001, 0.10506878712104863, 0.9920914860558163, -30.206088448293], [0.0, 0.0, 0.0, 1.0]], [[0.9189483859873095, 0.3915748079358146, -0.04693648560925516, -24.623771193858172], [-0.39399610606509544, 0.9167689538893207, -0.06558775488015905, 22.23302994559014], [0.017347400291098533, 0.07876455405008048, 0.9967423000597658, -43.63003539321338], [0.0, 0.0, 0.0, 1.0]], [[0.9808744513689531, 0.1841894875548854, -0.06292490227183795, 2.6881088404707763], [-0.18807881177713628, 0.9801469237249505, -0.06275642176713198, 21.83562447403341], [0.05011657622136882, 0.07339101162119395, 0.9960432160308413, -7.619562055727772], [0.0, 0.0, 0.0, 1.0]], [[0.9752895211409512, 0.21626778833895902, -0.04515078825036055, -19.26915615577014], [-0.21693916625821696, 0.9761288473981939, -0.010481956890862655, 0.28010988373870943], [0.041806077259693236, 0.020017917075644053, 0.9989251898416162, -26.36018560676292], [0.0, 0.0, 0.0, 1.0]], [[0.9906142762722483, 0.1019432225437376, -0.09105457167550111, 11.949922752874487], [-0.10443331627906628, 0.9942658468131613, -0.023002354485291622, 7.682706386041043], [0.08818751667082757, 0.032295591623447355, 0.9955802110654497, -20.712519801480283], [0.0, 0.0, 0.0, 1.0]], [[0.9954764274532429, 0.0697487168261555, -0.06451200575112409, -8.269282475164935], [-0.07052273838305485, 0.9974620603993107, -0.0097970115298553, -7.682341987267383], [0.06366494919407002, 0.01430225734161124, 0.9978688389157421, -39.119534768339435], [0.0, 0.0, 0.0, 1.0]], [[0.9940963575000414, 0.09346453872827401, -0.055107277245951325, 0.42375886545404867], [-0.09554533297633533, 0.9947588788883176, -0.03641239101319227, 8.391048298171617], [0.051415186001728626, 0.041462668427965296, 0.9978162785679737, -29.885340230861328], [0.0, 0.0, 0.0, 1.0]], [[0.9957503369518724, 0.0883989064085128, -0.025824403304127528, -21.068487430674256], [-0.0901505231539087, 0.9929327394716477, -0.0771845713883815, 4.339537555551325], [0.018818863815645275, 0.07918464643547123, 0.9966823175583986, -46.83097885036518], [0.0, 0.0, 0.0, 1.0]], [[0.9821785846427599, 0.18499316020747042, -0.03320780850337341, -4.136074200813688], [-0.18684945857369517, 0.9801584088201193, -0.06615718743967221, 18.576619142308886], [0.020310285568166792, 0.07118303376271733, 0.9972564705252478, -1.2335273484788865], [0.0, 0.0, 0.0, 1.0]], [[0.9990118724869926, 0.04270447316783137, -0.012312863253239425, -17.557760457849994], [-0.04275602105523282, 0.9990777189886716, -0.003953995943122107, -10.237049609401046], [0.012132654019607099, 0.004476537931450094, 0.9999163761608224, -12.162294252125768], [0.0, 0.0, 0.0, 1.0]], [[0.981902695367311, 0.18720903564260474, -0.02863343856709579, -7.964316900490113], [-0.1865345008781552, 0.9821385397264221, 0.024673239880264878, -1.8166409198050617], [0.032741056985796706, -0.018885596570337795, 0.999285423404963, -31.2232034340577], [0.0, 0.0, 0.0, 1.0]], [[0.9922244064509684, 0.11305039167029853, -0.052060889218477284, -15.410500709552862], [-0.1113233575812034, 0.993168899311662, 0.03496637666262083, -20.53518630153232], [0.05565821861930184, -0.02889889934334588, 0.9980315708016809, -47.436886456390226], [0.0, 0.0, 0.0, 1.0]], [[0.9732966275166639, 0.2290543432627525, -0.015092471539117571, -11.849972247893549], [-0.22935912068392156, 0.9730666456055517, -0.023145128408793965, 11.558233391266114], [0.009384488467057993, 0.025988671424878377, 0.9996181872764128, -4.93972144264717], [0.0, 0.0, 0.0, 1.0]], [[0.9556287503203925, 0.2921795007181588, -0.03748107417311247, -26.73705932131662], [-0.2938430742731547, 0.954466731001422, -0.051473363142096724, 13.243172431950388], [0.020734976797290226, 0.060202979756357244, 0.9979707720998994, -30.044295546517876], [0.0, 0.0, 0.0, 1.0]], [[0.9772076391915697, 0.20876085574542877, -0.03852447292399659, -11.44394195423171], [-0.20943963592562204, 0.9777144882773117, -0.01447129282321972, 8.997718963822317], [0.034644895857520557, 0.022210009479256818, 0.9991528645157117, -13.014104288788499], [0.0, 0.0, 0.0, 1.0]], [[0.9977273739337924, 0.06658900605084497, -0.010295221043571395, -23.88426798967412], [-0.06656381363359853, 0.997778322289668, 0.0027709715565342598, -15.69299436097608], [0.010456864622200742, -0.0020793849994851757, 0.9999431634549532, -20.125503267209897], [0.0, 0.0, 0.0, 1.0]], [[0.9841312319336232, 0.17688415097787813, 0.014061133156567242, -15.953907085820168], [-0.17686479057809198, 0.9842316744637939, -0.0026185560831921218, 7.477726642067305], [-0.01430259370110996, 9.00834530122068e-05, 0.9998977086174331, -6.2834118912941825], [0.0, 0.0, 0.0, 1.0]], [[0.9729738703231412, 0.23077053862448163, -0.008173504228582013, -32.72943123436467], [-0.23090450662660503, 0.97266023687483, -0.024802669657153005, 3.25532234728225], [0.002226317122963713, 0.026019648451977687, 0.9996589525465682, -39.256640313963466], [0.0, 0.0, 0.0, 1.0]], [[0.9942129769887705, 0.09666784473924128, -0.046860262276188405, -0.5299757819600868], [-0.09617122663339306, 0.9952832148228454, 0.012744310876888038, -4.483513899226373], [0.04787119755084221, -0.008163950353117701, 0.9988201531605564, -22.729827070170614], [0.0, 0.0, 0.0, 1.0]], [[0.9851025691874684, 0.17062557462555364, -0.02144391438017499, -28.015385300406603], [-0.1709083169022888, 0.9852124585422585, -0.012114402450875084, -7.56555209344857], [0.019059784727836176, 0.015598872293040569, 0.9996966538852229, -27.404077100170422], [0.0, 0.0, 0.0, 1.0]], [[0.9860921770133341, 0.15491995050742677, -0.060183281464875, 2.39775141504157], [-0.15654953293115118, 0.9873940758388996, -0.02334914853439844, 14.489792803581418], [0.05580736664762303, 0.032446077313282855, 0.9979142197077042, -31.21849218066657], [0.0, 0.0, 0.0, 1.0]], [[0.9688850712031818, 0.2466753971352754, -0.020321595600630498, -25.850482933181716], [-0.2472103494326832, 0.968486686951931, -0.03034106672878448, 8.909910658656313], [0.012196800112000802, 0.03442071534736043, 0.9993330037690145, -35.4223072721562], [0.0, 0.0, 0.0, 1.0]], [[0.9670423506338668, 0.2133023353525881, -0.13903670671323623, 7.597031566011581], [-0.21900369046819737, 0.9753530184351688, -0.026904887859256627, 8.550400456489355], [0.129870996153261, 0.05646771787969913, 0.9899216742730821, -47.52341220235163], [0.0, 0.0, 0.0, 1.0]], [[0.8982223563681296, 0.41000065579456246, -0.15841736258540612, -15.386887881722739], [-0.41854379331667546, 0.9078949656986948, -0.023405647503529494, 16.036934563178182], [0.13422999514481124, 0.08732807971666094, 0.9870947851632219, -65.5591995264313], [0.0, 0.0, 0.0, 1.0]], [[0.9784678251598649, 0.1967652171290792, -0.06232306519321463, -1.2395619420322568], [-0.20100201947581986, 0.9770044023269852, -0.07113779586362713, 22.565139946217347], [0.04689246521109164, 0.08213310636910878, 0.99551757872204, -19.62612073168997], [0.0, 0.0, 0.0, 1.0]], [[0.991443707884115, -0.023172253596402133, -0.12846174823759765, 6.714860878579965], [0.016872701780993565, 0.9986111058448749, -0.04991163409352763, -8.30078073675151], [0.1294398935089394, 0.04731707880396415, 0.9904576760376246, -46.826791060721526], [0.0, 0.0, 0.0, 1.0]], [[0.9521287691164716, 0.24723753812580004, -0.17978989616285238, 15.563818748250291], [-0.26759453464266997, 0.958415480598281, -0.09916113945968008, 27.686498530908263], [0.14779706373987456, 0.14252496725508426, 0.9786943658051835, -37.01018376526797], [0.0, 0.0, 0.0, 1.0]], [[0.9762496270965765, 0.11141207987892708, -0.18580638861688242, 5.891764227315823], [-0.12880874369559614, 0.9880789072995705, -0.08431121216807345, 5.587952626158646], [0.17419808592908986, 0.10624227692749846, 0.9789625148349168, -61.39158022770635], [0.0, 0.0, 0.0, 1.0]], [[0.996748438227014, 0.07587116381653539, -0.027131483430412853, -1.2061535927777685], [-0.07639713419014998, 0.9968982476434967, -0.018904013670702314, 7.397416631123451], [0.02561305876974719, 0.02091531368290577, 0.9994531108931549, -13.614880855021848], [0.0, 0.0, 0.0, 1.0]], [[0.9511019428418248, 0.30186548881782616, -0.06543944516331582, -19.28524868667275], [-0.3052160981923555, 0.9510169903153325, -0.04908989239957366, 12.173294334289439], [0.04741547982191008, 0.06666266415575046, 0.9966483138404018, -35.61867421807451], [0.0, 0.0, 0.0, 1.0]], [[0.9597659633196396, -0.2476106961273284, -0.13243201582875938, 29.577061465471946], [0.2444370048811896, 0.9688410985607577, -0.03996844235518505, -2.4864382800367917], [0.13820219353484295, 0.005989065279849439, 0.9903859272017322, -12.295410436781323], [0.0, 0.0, 0.0, 1.0]], [[0.9449126011607428, -0.30040018652725625, -0.12999963116112362, 27.361889882942975], [0.2967066330781721, 0.953793190996798, -0.04736795008819278, -19.555419410868858], [0.13822210407548194, 0.0061868200662652945, 0.9903819329947475, -26.83824313423156], [0.0, 0.0, 0.0, 1.0]], [[0.8094156939403611, 0.5847609331783065, -0.05385986846885649, -10.2602707695771], [-0.5854038392487131, 0.8107288265711919, 0.004595079908507034, 26.852298384219317], [0.046352771178362166, 0.027810443990243627, 0.9985379310818153, -26.945588303470707], [0.0, 0.0, 0.0, 1.0]], [[0.9042554820085259, 0.424666306479838, -0.04450338636891267, -28.973475089074743], [-0.4256293199922305, 0.9047805074499812, -0.014557310929731171, 13.357681438401011], [0.03408379703729986, 0.032105474289063844, 0.9989031651267274, -46.51253051813538], [0.0, 0.0, 0.0, 1.0]], [[0.9850592817657404, 0.14542920889093408, -0.09224183762546288, 5.532917860720019], [-0.150450837093386, 0.9873516704654965, -0.05001224297002041, 16.64993915527657], [0.08380189153631666, 0.06314288582532512, 0.994479873574417, -39.379061313528894], [0.0, 0.0, 0.0, 1.0]], [[0.9744191988299167, 0.19040096825594272, -0.1193930326227908, -6.765373549975704], [-0.19150884017884579, 0.9814883513994926, 0.002231636274094617, -4.004250076204205], [0.11760777646491141, 0.02069027197274267, 0.9928445616312138, -55.64203426376542], [0.0, 0.0, 0.0, 1.0]], [[0.9929644791611598, 0.11371911821540108, -0.033007654817031884, -5.43997654552463], [-0.11555998892978933, 0.9914505525404023, -0.06059447850984529, 13.69237490896433], [0.025834706941547447, 0.0639825290188251, 0.9976165615594016, -24.936905167200848], [0.0, 0.0, 0.0, 1.0]], [[0.9795027792808632, 0.18272927933110086, -0.08476034365315616, -13.81030018756757], [-0.1900678407538172, 0.9777703325751864, -0.08854034474177509, 13.981613116793287], [0.06669723601654176, 0.10283572925276134, 0.9924597178207326, -49.81388323450452], [0.0, 0.0, 0.0, 1.0]], [[0.9076755632831542, 0.3972674228513181, -0.1352910439004702, 6.025984981087157], [-0.408213781467579, 0.9105745192050451, -0.06492729467981138, 31.756633757117367], [0.0973990782222627, 0.11416058740025654, 0.9886762765667441, -39.40070380400228], [0.0, 0.0, 0.0, 1.0]], [[0.9765013322494706, 0.16889167703528268, -0.13386840382711748, -5.149706136830881], [-0.17667489589678956, 0.9830745171310439, -0.04848169682907814, 4.776194220490094], [0.12341446136846798, 0.07099362785333506, 0.9898124951370111, -63.835972079172436], [0.0, 0.0, 0.0, 1.0]], [[0.9697052618812397, 0.24403460231868726, -0.010900364718718683, -20.11853473343174], [-0.2442141454313908, 0.9674667731853562, -0.06608701804086042, 19.194967256914378], [-0.005581778485066994, 0.066746952390935, 0.9977543225140492, -20.371559952151], [0.0, 0.0, 0.0, 1.0]], [[0.9772353171408058, 0.21209800814036012, 0.005056666451685105, -37.82418720010332], [-0.2120139011465506, 0.977172022607932, -0.013599410021974848, -1.9660272722716532], [-0.007825640761791713, 0.012217740184533763, 0.9998947375456334, -35.222578111133444], [0.0, 0.0, 0.0, 1.0]], [[0.9762492691150003, 0.21660412416205344, -0.004474142198892557, -9.994543129792868], [-0.21610364869756105, 0.9721120536645502, -0.09108989043625844, 20.169276751088255], [-0.015381078376610516, 0.08989331741613521, 0.9958326234422599, -18.628258080064843], [0.0, 0.0, 0.0, 1.0]], [[0.9985357493166891, 0.04885078667362463, -0.023236995888619195, -16.32140974948051], [-0.04945970523420711, 0.998427302047973, -0.026394319149226235, -8.825870792704558], [0.02191106785861946, 0.02750496621655604, 0.9993814996980489, -36.310961123206596], [0.0, 0.0, 0.0, 1.0]], [[0.9209629808656145, 0.3776872981779306, -0.0958096689806454, -8.376424861880569], [-0.3839651463299314, 0.9215129856020224, -0.058177175685005154, 28.820766339897943], [0.06631707381180357, 0.09036659870718045, 0.9936981048382548, -35.72163264732706], [0.0, 0.0, 0.0, 1.0]], [[0.9340127444517591, 0.3444656513853797, -0.09467633398763207, -19.764077892513416], [-0.3507392104259369, 0.9345541751881488, -0.05992078027019483, 20.823142447465003], [0.06783951261235649, 0.08917347505869991, 0.9937031205920989, -57.50294368372088], [0.0, 0.0, 0.0, 1.0]], [[0.9728513363025261, 0.22230222714283432, -0.06435835036515239, -1.9372435834249735], [-0.2264003897715447, 0.9718314519417036, -0.06547131072592162, 21.05862696163068], [0.04799105089160601, 0.07826460773691488, 0.9957768375545312, -27.829618733608413], [0.0, 0.0, 0.0, 1.0]], [[0.9774969371126502, 0.18368949386095648, -0.10372033445998911, -12.595247403834966], [-0.1863211834654542, 0.9823553594246128, -0.016197666553311667, -1.0770045624177789], [0.09891488526717734, 0.03515846491025212, 0.9944745988801008, -47.55070712933322], [0.0, 0.0, 0.0, 1.0]], [[0.9891690490202801, -0.12261478384813532, -0.08068585527953424, 14.061917351861322], [0.12382143119652327, 0.9922530505035354, 0.010106282346836824, -10.583243192945384], [0.07882160640813898, -0.0199874597761785, 0.9966883443759819, -26.5229912959213], [0.0, 0.0, 0.0, 1.0]], [[0.9968504951669128, 0.005217833145365501, -0.07913194363057614, -6.036053186978254], [-0.0025751683510145005, 0.9994367054311667, 0.03346102725351947, -22.86205422340564], [0.07926196309358913, -0.03315186350967263, 0.9963024114958221, -40.234961553107745], [0.0, 0.0, 0.0, 1.0]], [[0.9376370639425645, 0.34114132753304466, -0.06677822227462005, -5.132138592972796], [-0.34492208850066863, 0.936911660188798, -0.0567916707502661, 22.301466791678042], [0.043191309143205535, 0.07628325931199616, 0.9961502773995675, -42.376410325251285], [0.0, 0.0, 0.0, 1.0]], [[0.9411731896686967, 0.33153285099337926, -0.06541403336486827, -25.008050051241202], [-0.3352698643796992, 0.940333718098715, -0.058022552903752675, 16.49494999811488], [0.042274638823724474, 0.07654062528391388, 0.9961698588059542, -65.05414011939544], [0.0, 0.0, 0.0, 1.0]], [[0.962635242486575, 0.2635731182501876, -0.062149829112304565, 2.2119123973229198], [-0.2667000760210857, 0.9625418178551299, -0.04882948218539857, 18.961510206532505], [0.04695167061099567, 0.06358034457298403, 0.9968716469088782, -21.0687084719695], [0.0, 0.0, 0.0, 1.0]], [[0.9633888104566453, 0.2629990748921113, -0.05209113641322926, -17.846675147223813], [-0.26504095764682833, 0.9635238833614174, -0.0370812211474452, 5.477593258889558], [0.040438727187936174, 0.04952991821139097, 0.9979536545077601, -39.439302741478926], [0.0, 0.0, 0.0, 1.0]], [[0.9973635403809152, -0.008291546917557265, -0.07209173717255625, 11.738133323768905], [0.007532926146690073, 0.9999134276736271, -0.01078852082727569, 1.7290903995990026], [0.0721749495497675, 0.010217015595857496, 0.9973396559095594, -8.812711123240959], [0.0, 0.0, 0.0, 1.0]], [[0.9885433140754001, 0.11490891045031477, -0.0978675558903362, -5.2288361596788775], [-0.11323349377551184, 0.9933130786437604, 0.022523402998759226, -10.639011713501747], [0.09980126293899098, -0.011183474163916334, 0.9949445400731683, -36.39838060949909], [0.0, 0.0, 0.0, 1.0]], [[0.9819400988169313, 0.1740367936220878, -0.07419458741132878, 5.580794414229466], [-0.1733481949214204, 0.9847359083168391, 0.01567144501625711, 5.561337090886661], [0.07578948246874223, -0.00252692246717423, 0.9971206391455182, -11.995907164285136], [0.0, 0.0, 0.0, 1.0]], [[0.9838853337440034, 0.1594612789433956, -0.08088108902078005, -8.510873320183187], [-0.16037299519866602, 0.9870445084394839, -0.004862177543734112, -4.875340697981572], [0.07905790570499233, 0.017754967676531883, 0.9967118985285291, -40.016101184707104], [0.0, 0.0, 0.0, 1.0]], [[0.9986710847303444, 0.004278825370221558, -0.05135909049979308, 9.385045011603438], [-0.003521735473938364, 0.9998839377617662, 0.014822563384057187, 0.8359402464569715], [0.05141655280905555, -0.014621992322318368, 0.9985702456200853, 8.560413009868569], [0.0, 0.0, 0.0, 1.0]], [[0.9908200551061932