[[[0.9971846476252177, 0.0313853887069347, -0.06810092448919783, 24.917260100001283], [-0.04089137134962618, 0.9888741631273138, -0.14302372267704494, 30.674427345163025], [0.06285438958192009, 0.14540580069229667, 0.9873735254883602, -14.15260842370363], [0.0, 0.0, 0.0, 1.0]], [[0.9962275780453974, -0.08171740083621895, -0.029204094616579628, 11.705184180019618], [0.07830512073631943, 0.9915590934197779, -0.10333862938426737, 2.3529779195913707], [0.03740214978142075, 0.10066196231507336, 0.9942174050652134, -16.968038665052514], [0.0, 0.0, 0.0, 1.0]], [[0.9840790636877751, 0.17606972937098023, -0.024245552388512975, 0.6093299416403035], [-0.17773112732344293, 0.9750375284557703, -0.13309193996332752, 30.375423899629634], [0.0002068616261388069, 0.13528218102209078, 0.9908070895518338, -8.32208789126909], [0.0, 0.0, 0.0, 1.0]], [[0.9965835802213776, -0.07379044092987072, -0.03709634025771204, 10.991989331912496], [0.07253615375736713, 0.9967829247752038, -0.034092627864021556, -5.050512010007778], [0.03949270858308252, 0.0312853272951127, 0.9987299706451233, -17.181078873918104], [0.0, 0.0, 0.0, 1.0]], [[0.7786046508788649, 0.6275046045864202, 0.003573353136739086, 3.9623755094576727], [-0.6270014375026992, 0.7781853831308091, -0.03600981603818546, 59.074161606437], [-0.025377056554046255, 0.02579691269118338, 0.9993450476668483, 27.84079616191201], [0.0, 0.0, 0.0, 1.0]], [[0.9402791400403347, -0.33590843548731764, 0.05514219594352758, 21.70350900438023], [0.3404025807207668, 0.9283813948474662, -0.14911092763348854, 10.577505663924757], [-0.0011053703695766896, 0.1589764406116198, 0.9872817579023777, 17.54103792534615], [0.0, 0.0, 0.0, 1.0]], [[0.9891608407347608, -0.14353676593119313, -0.030952027121287456, 30.280997969891494], [0.1443452543459003, 0.9891940118424475, 0.02568373965883617, 3.2038224458823805], [0.026930998955114485, -0.02987312774149051, 0.9991908313901917, 21.202014476578416], [0.0, 0.0, 0.0, 1.0]], [[0.9856606651639903, -0.1463750211405632, -0.08394883164508887, 21.368572512706006], [0.14682264648269353, 0.9891624678038254, -0.0008501576682949627, -11.306532794165436], [0.08316347532597368, -0.011487622658436187, 0.9964697039535926, 8.220393551494821], [0.0, 0.0, 0.0, 1.0]], [[0.5471101056492023, 0.8240099254754435, -0.14723510116298225, 9.475444038239903], [-0.8284413781446197, 0.5582113237692263, 0.04566181110788842, 84.39746167090011], [0.11981408629356917, 0.09699361181935257, 0.9880469745876841, 17.054057976831142], [0.0, 0.0, 0.0, 1.0]], [[0.6111849186195452, 0.7911377139340267, 0.023539601595206634, -24.36963446856815], [-0.7908840218062849, 0.6116099903106672, -0.020873040116379308, 69.02655284851427], [-0.030910504744086832, -0.005859807456462827, 0.9995049791536996, 17.897067973083395], [0.0, 0.0, 0.0, 1.0]], [[0.9963379096429328, -0.07888760714971792, -0.032977496062366364, 29.892119381935313], [0.07735884466461748, 0.9959729718742149, -0.045314991428902225, 24.400768228668863], [0.0364194860000413, 0.04259794284044315, 0.9984282830054715, 24.81085600673006], [0.0, 0.0, 0.0, 1.0]], [[0.9964124698951763, -0.07905124188787191, -0.030217395542655023, 14.162800051036378], [0.07970854893983302, 0.9965926826739167, 0.021203114552216726, -10.08918454157129], [0.028438302750029842, -0.02353563249189064, 0.9993184362053482, 3.488163724353977], [0.0, 0.0, 0.0, 1.0]], [[0.9763570110039985, 0.20961887448219715, -0.05279123529670611, 13.646290569955651], [-0.21040550918253348, 0.9775655812385513, -0.009749670936473297, 26.154945690492188], [0.049563179568850375, 0.02062672631678602, 0.9985579749781555, -6.339939573673584], [0.0, 0.0, 0.0, 1.0]], [[0.9876635409692665, 0.14301184702435984, -0.06378355156880554, 2.5185829975157374], [-0.14367803786320013, 0.9896065425939822, -0.00595921898952866, 7.323112382541004], [0.06226838102785547, 0.01504999886596139, 0.9979459635963798, -27.161982814657375], [0.0, 0.0, 0.0, 1.0]], [[0.9623036224862073, 0.27194863009126746, 0.003959891590112921, -7.930240141810077], [-0.27187864205527634, 0.9622444685244363, -0.01294553159606124, 29.50029192387419], [-0.0073309033618946685, 0.011380922001693381, 0.9999083620363872, 16.91145941576724], [0.0, 0.0, 0.0, 1.0]], [[0.994974721749685, -0.09922375245908335, -0.013414545354871734, 9.334354199796813], [0.09956200405662854, 0.9946519333447997, 0.027476150415940356, -14.695723486132895], [0.010616516724764859, -0.028673654133892314, 0.9995324462623726, 1.3920749270007147], [0.0, 0.0, 0.0, 1.0]], [[0.9955814883545081, 0.07171753390730297, -0.06061431659329301, 25.41919007474119], [-0.07357549180283957, 0.9968680807031244, -0.028994425002657476, 20.443216435002654], [0.05834506878723695, 0.03332604095177356, 0.9977400603076386, 16.33781405458341], [0.0, 0.0, 0.0, 1.0]], [[0.996535963750397, -0.07830830935373892, -0.027997886317134405, 14.910274494824169], [0.07827349500983942, 0.9969291796635414, -0.0023389558189401156, -6.049932264524583], [0.028095069514288196, 0.00013936117626682024, 0.9996052459083286, -2.7873125634745253], [0.0, 0.0, 0.0, 1.0]], [[0.9920899641802955, 0.08156110606740803, 0.09542163774429856, 0.9040818163370867], [-0.08590415358513526, 0.9954041221954166, 0.042321506509053565, 13.733554026872998], [-0.09153130267599496, -0.050183856900754345, 0.9945368777159558, 31.878049159714386], [0.0, 0.0, 0.0, 1.0]], [[0.9987180567089642, 0.04795997851451284, 0.01618899825071338, 0.6615415714653372], [-0.04742929039134592, 0.9983711126539208, -0.031710941820597284, 9.067038090827626], [-0.017683484284707854, 0.030902457492299792, 0.9993659652522158, -4.882942915186293], [0.0, 0.0, 0.0, 1.0]], [[0.9960353910891085, -0.08551533068664163, -0.024507711348107045, 22.142893458068244], [0.08694451125043823, 0.9941012591328449, 0.06483315937015093, -1.0496838983940728], [0.018818917646619294, -0.06670693223381877, 0.9975951250535279, 8.35699229854562], [0.0, 0.0, 0.0, 1.0]], [[0.9851727848898645, -0.1666913960525527, -0.04060249246536383, 20.301964570391466], [0.1696379977336957, 0.981806599211801, 0.08531559921293565, -25.124290191944954], [0.02564241870907728, -0.09093833199597712, 0.995526336234526, -10.52435866366654], [0.0, 0.0, 0.0, 1.0]], [[0.981203545243028, 0.15984153043828112, -0.10812163497495972, 24.57403269192585], [-0.15340418850297688, 0.9859905962855153, 0.06549579365331648, 9.936764833247395], [0.11707586323514126, -0.04767839325819124, 0.9919778289175928, 3.2130041492669017], [0.0, 0.0, 0.0, 1.0]], [[0.9958744919148299, 0.06568959468792625, -0.06260090656787953, 7.676333536381692], [-0.06365701784905269, 0.9973948678079814, 0.033930248287734485, -6.517515309677254], [0.06466668718861188, -0.029805281747333146, 0.9974617109182764, -8.28749200030012], [0.0, 0.0, 0.0, 1.0]], [[0.9598243172290218, 0.2686165790601888, -0.08113207448258668, 16.967440142013533], [-0.2594467209724593, 0.9596938805255866, 0.10805116685341061, 13.393898073733524], [0.10688629019890918, -0.0826606867606733, 0.9908292142603441, 3.086978112469492], [0.0, 0.0, 0.0, 1.0]], [[0.9964443308115869, 0.0662314358690809, -0.052077754331095336, 5.423291302006369], [-0.06361226535952189, 0.9966992540752774, 0.05043884040716257, -6.930415544966416], [0.05524649571945599, -0.04694671264858983, 0.997368452921093, -13.367409418999335], [0.0, 0.0, 0.0, 1.0]], [[0.9600479446608055, 0.2731653657334705, -0.06073406718032487, 17.007595307897944], [-0.2717181936044676, 0.9618744978544429, 0.031091375678582948, 23.14518357208715], [0.0669116373801299, -0.013346660292410282, 0.997669634419205, 22.668206845133415], [0.0, 0.0, 0.0, 1.0]], [[0.9436711624073831, 0.31384751484800155, -0.10480684454955431, 5.108247163674846], [-0.3120104925290129, 0.9494731445230751, 0.033914604247531906, 13.912924875586318], [0.11015529852214785, 0.0006966011754633609, 0.9939141436534149, 3.6529719485007877], [0.0, 0.0, 0.0, 1.0]], [[0.9939323175743258, 0.08483799195493634, -0.07000759389083058, 23.288310998920366], [-0.0848730211124418, 0.9963886906425229, 0.0024794045509773386, 16.36778467171537], [0.06996512251526699, 0.0034773956827704755, 0.9975433771775, 9.365776228055244], [0.0, 0.0, 0.0, 1.0]], [[0.9944993676611674, -0.10328691009416532, -0.017401779355427666, 11.38074508503476], [0.1041211844971941, 0.9929304476727634, 0.056990394131509324, -17.0282463439095], [0.011392394850795209, -0.05848880480539277, 0.9982230577641441, -1.088863574174238], [0.0, 0.0, 0.0, 1.0]], [[0.9848017634291357, 0.1720170674269043, -0.02399198325930259, 6.572223228187214], [-0.171712006430791, 0.9850439979977623, 0.01425864145342478, 24.6093013493246], [0.02608588879794863, -0.009922223663727693, 0.9996104620716957, 20.846497846011736], [0.0, 0.0, 0.0, 1.0]], [[0.9981065116207506, -0.04615840048977259, -0.04065456339066479, 12.036040272180516], [0.046578307270411096, 0.9988700143845867, 0.009442227235157242, -8.070528948284348], [0.04017278621259656, -0.011317969233168012, 0.9991286457810905, 2.4131615825796535], [0.0, 0.0, 0.0, 1.0]], [[0.661169554355898, 0.7497428482279703, 0.027211797512000778, -0.49634348081939034], [-0.7502290529062856, 0.6608896467127043, 0.01952544604600889, 57.77062378164796], [-0.0033449317126675363, -0.03332471153614581, 0.999438980144796, 21.836222486262486], [0.0, 0.0, 0.0, 1.0]], [[0.9830853517476041, 0.181576546281832, 0.023940530897478392, -10.178845534823168], [-0.1810902937989197, 0.9832393436347431, -0.02113524593047278, 17.91442691733745], [-0.027376936846776296, 0.01644235290590442, 0.9994899461024136, 7.621796898846723], [0.0, 0.0, 0.0, 1.0]], [[0.9938924347831629, -0.10786907562457637, -0.023282839274767042, 28.698774892219344], [0.10820985816169802, 0.9940308068868945, 0.013906169724782763, 6.671027515381377], [0.021643813837223785, -0.0163406696217964, 0.9996321962796568, 13.210756697877766], [0.0, 0.0, 0.0, 1.0]], [[0.99921346380424, -0.033856046393946536, -0.020645141677966126, 6.080145037581744], [0.03437569019150764, 0.9990872387538112, 0.02535746996725479, -5.019652758383956], [0.019767793913075912, -0.026047216393574168, 0.9994652454397576, 4.745562288003127], [0.0, 0.0, 0.0, 1.0]], [[0.9344906658907894, 0.3516337604846533, -0.055505800151055724, 12.96003446869829], [-0.3523492945247579, 0.9358625508957378, -0.0033556636938044033, 36.81169154238162], [0.05076583507530182, 0.02269326592498553, 0.9984527258066674, 8.976319447012434], [0.0, 0.0, 0.0, 1.0]], [[0.9796144669017356, 0.18466511512294043, -0.0790840786344575, 4.4392737263194615], [-0.18872693233614857, 0.9808878873309184, -0.047340231288765106, 23.039469597108216], [0.06883052555237879, 0.061300470994260337, 0.9957432455247005, -8.579866340772046], [0.0, 0.0, 0.0, 1.0]], [[0.9917804698703564, 0.1250045456035658, -0.027301339933825473, 15.721811365087742], [-0.12364961597974065, 0.9912270701940535, 0.046686912326450676, 11.411226510800272], [0.03289790345597916, -0.04292736764537347, 0.9985364134848779, 20.734821355907865], [0.0, 0.0, 0.0, 1.0]], [[0.9988729192504566, 0.014905836470613497, -0.04506336901722508, 10.194412116966042], [-0.01327383127606777, 0.999252756532078, 0.03630060559137943, -8.842692941738745], [0.04557078659981374, -0.03566152832055491, 0.9983243755446024, 5.207973463147626], [0.0, 0.0, 0.0, 1.0]], [[0.999825845861216, 0.015431371873016648, 0.010495270840607916, 8.775213668650098], [-0.015650236648556092, 0.9996548397097085, 0.021101458191298366, 6.554380014232378], [-0.010166023841465055, -0.021262036757366206, 0.999722250303644, 9.863568264707027], [0.0, 0.0, 0.0, 1.0]], [[0.9987454293181462, 0.00870657067230649, 0.04931290949880052, -16.167190055685477], [-0.009211275566213926, 0.9999074043141164, 0.01001674599091938, -5.212690002719191], [-0.04922113182924618, -0.010458414073436843, 0.9987331484217968, -6.24344393052752], [0.0, 0.0, 0.0, 1.0]], [[0.9882552117228817, -0.14364092881269255, -0.05214326488036165, 34.845870148552436], [0.14518625173409014, 0.9890317984683944, 0.027148737093564537, 2.367366249390708], [0.04767167723042685, -0.034400366105567064, 0.998270517445965, -9.05377587610853], [0.0, 0.0, 0.0, 1.0]], [[0.9900614816878339, -0.10342984126010706, -0.09529181714607349, 26.495589246060206], [0.10904606966924889, 0.9924730143997063, 0.05573392483982731, -18.564646122410306], [0.08881000601160305, -0.06557121033861789, 0.9938879208476917, -16.516370926729504], [0.0, 0.0, 0.0, 1.0]], [[0.9835219308856391, -0.15515908943350498, -0.09279153211984956, 32.97764615493327], [0.15904195891065526, 0.9866159070230377, 0.03598204156197524, -2.0526399118455707], [0.08596666082176829, -0.05014687403290312, 0.9950351874440839, 30.138091733029874], [0.0, 0.0, 0.0, 1.0]], [[0.9871109558333264, -0.12027765822622358, -0.10557104624579107, 19.248022572425292], [0.12617835382471265, 0.9906908786241926, 0.05109409003896354, -20.477695547293724], [0.09844279506343169, -0.06375631688264191, 0.9930982570509624, 8.633387937213536], [0.0, 0.0, 0.0, 1.0]], [[0.9986394146256576, -0.0029502818676490636, -0.05206357069030905, 23.66262109655768], [0.0054532382815975, 0.998832514270937, 0.047998652350250984, 3.4699314360094506], [0.051861177660823606, -0.048217261142640175, 0.9974896059506252, 7.3359160906314385], [0.0, 0.0, 0.0, 1.0]], [[0.9967503997214184, -0.0301916278768001, -0.074680025852594, 12.66454607591222], [0.03175922240759756, 0.9992975667680254, 0.019892833975374193, -10.235249503306015], [0.0740269710798708, -0.022199969767003676, 0.9970091117412551, -11.463560179312283], [0.0, 0.0, 0.0, 1.0]], [[0.9874837876997046, 0.12783084182330637, -0.09238530678083488, 24.70464867382452], [-0.13201743735547533, 0.9904115476969935, -0.04069843267915477, 34.95696950389054], [0.08629695976300267, 0.052385513905958414, 0.99489124665386, 9.451070274478003], [0.0, 0.0, 0.0, 1.0]], [[0.9900171127318179, 0.12541364577834446, -0.06432366555736933, 4.205154081874987], [-0.1268086908407844, 0.9917626222701733, -0.018068120960317832, 18.830087714689732], [0.061527818305208745, 0.02604454876503359, 0.9977655080499757, -4.760821517450386], [0.0, 0.0, 0.0, 1.0]], [[0.9990319061136256, -0.013020308848238587, -0.04202049648057935, 22.69059028532766], [0.01375602044598502, 0.9997562816670547, 0.01726699651809409, 11.694773176228326], [0.04178543368768048, -0.017828315253066135, 0.9989675313576374, 2.0024785613902294], [0.0, 0.0, 0.0, 1.0]], [[0.9993055486843438, -0.01968037349633749, 0.03164021598739091, -2.7397958641385745], [0.019771987472485156, 0.9998011728601051, -0.002585199982237791, -2.8799636393834622], [-0.0315830473525273, 0.003208994640838304, 0.9994959797184405, 0.10433212728115997], [0.0, 0.0, 0.0, 1.0]], [[0.9902051457021299, 0.11834300317352851, -0.07408578152989208, 21.555913791177094], [-0.12029177730518457, 0.9924857502131719, -0.022403658999256875, 21.84330180921576], [0.07087776617377646, 0.031096128756894326, 0.9970001870804991, -0.31534216136894544], [0.0, 0.0, 0.0, 1.0]], [[0.9973167521356449, -0.07105141939352952, -0.017634957095910998, 9.36426666310915], [0.0709093002584709, 0.9974460522386394, -0.008558271461487545, -7.931306863992801], [0.018197995671608, 0.007284825030106708, 0.9998078636807249, -26.14768815398147], [0.0, 0.0, 0.0, 1.0]], [[0.9909532958888347, -0.13420513903344336, 0.0007389344167039992, 26.27132772216346], [0.13407334239883206, 0.9897042895775917, -0.05009748546308719, 17.395610153969468], [0.005992013439871048, 0.04974333974245018, 0.9987440592695438, 7.447466237399924], [0.0, 0.0, 0.0, 1.0]], [[0.9972832100303322, 0.057696251741081866, -0.045796741441145226, 10.620050568357879], [-0.05790620623677505, 0.9983166722612649, -0.0032700404367598302, 2.2580961362057965], [0.04553098143969084, 0.0059130719785640525, 0.9989454265919213, -1.888628384290762], [0.0, 0.0, 0.0, 1.0]], [[0.9959429676409116, -0.06354060469040533, -0.06371967327437995, 31.887702443107468], [0.061075416390639715, 0.9973345901365726, -0.039918777909993076, 19.250398123549637], [0.066086297515643, 0.035865120558768684, 0.9971691403207292, 6.154680174927454], [0.0, 0.0, 0.0, 1.0]], [[0.9992163249241975, -0.020437180480940842, -0.03389775300769056, 9.15557906819517], [0.022099689557272963, 0.9985336591486422, 0.049417965040008345, -13.102764552297845], [0.03283808347716265, -0.05012836723066872, 0.9982027885516712, 6.2012072546536325], [0.0, 0.0, 0.0, 1.0]], [[0.9944255286489672, 0.1006278328508655, -0.031494558688158925, 14.117775014637658], [-0.1011030753096015, 0.9947791898796359, -0.013875573694694783, 16.40457578097687], [0.029933862666963757, 0.016982421445546174, 0.9994076051480115, 8.437407565024875], [0.0, 0.0, 0.0, 1.0]], [[0.9931932740371024, 0.07095816158339499, -0.09236914913630012, 13.440280203441262], [-0.0753544173611066, 0.9961406252744108, -0.04500629358288694, 11.922031055745103], [0.08881909812437534, 0.05166037149116969, 0.994707179940793, -21.617482231774932], [0.0, 0.0, 0.0, 1.0]], [[0.9846217936758732, 0.17464349921763575, -0.004423980054992554, 13.386100682669461], [-0.17444663938333965, 0.9842432716590577, 0.028871304122528516, 15.508074383986656], [0.009396458182015208, -0.027655566797593185, 0.9995733470830127, 29.33195179496188], [0.0, 0.0, 0.0, 1.0]], [[0.9605743917677125, -0.2778711300117164, -0.009190918675349687, 24.886147833601516], [0.27440827745585356, 0.9528804464440552, -0.12930178671729647, 19.00134493841426], [0.044687080278267385, 0.12168192096850633, 0.9915626934115747, 8.947571523896393], [0.0, 0.0, 0.0, 1.0]], [[0.9993081285631948, -0.005779404200975644, -0.03674047733231898, 26.578883883223863], [0.005964712247979929, 0.9999700281423863, 0.004936094074406858, 12.640672925775155], [0.036710848469133715, -0.005151825307048104, 0.9993126499252779, 6.577196723921422], [0.0, 0.0, 0.0, 1.0]], [[0.9827460838179467, -0.16174949531844202, -0.08970638497185404, 34.991388602921354], [0.16150667470146746, 0.9868208784408079, -0.010007392277122275, -11.135058442147812], [0.09014282426995247, -0.00465345436672196, 0.9959179768410119, -7.811809725964049], [0.0, 0.0, 0.0, 1.0]], [[0.9863942051824203, 0.16439562635857147, 0.0007416311178914075, -1.2974614326194616], [-0.16428484830617796, 0.985876290144943, -0.03253350806571387, 21.58519070197683], [-0.006079522971267501, 0.03196902507457378, 0.9994703701642317, 24.111996653748385], [0.0, 0.0, 0.0, 1.0]], [[0.9899816756810395, 0.13092907863416295, -0.0528569596530907, -0.2428904585523413], [-0.1336833187904957, 0.9896355527205468, -0.052442759926010385, 10.145346412355844], [0.04544284424326891, 0.05898346513649073, 0.9972240965538145, -3.1221629088341407], [0.0, 0.0, 0.0, 1.0]], [[0.9975993049375727, -0.051468225788399054, 0.04633193846869054, 14.104792976341765], [0.05226707939737212, 0.998501765187811, -0.016198065566394363, 13.927218146806457], [-0.04542883664965405, 0.018580814056945456, 0.9987947607740231, 23.125716843394677], [0.0, 0.0, 0.0, 1.0]], [[0.8886697575689142, -0.4542120245125029, -0.0629086541793713, 45.33993363874533], [0.4486264644540063, 0.8896050841103346, -0.08565681360254807, 0.7336018627004937], [0.09487021331221104, 0.047898132670251045, 0.9943366690979457, 12.313529229065288], [0.0, 0.0, 0.0, 1.0]], [[0.9943128015486679, -0.0448131094152269, -0.09661178965829295, 43.38185057205427], [0.05012374546362929, 0.997321881255344, 0.05326044789520351, 0.44071753765548927], [0.09396628553442259, -0.057800089912034634, 0.9938961146865521, 12.755859679846798], [0.0, 0.0, 0.0, 1.0]], [[0.9825116522006032, -0.18231944773368178, -0.037821584685494146, 21.419859258207932], [0.18414499579404245, 0.9815089706962201, 0.052256683465897506, -21.13539047139247], [0.02759481498486307, -0.058307455963437345, 0.9979172143845506, 8.854681518262822], [0.0, 0.0, 0.0, 1.0]], [[0.9601064515694707, -0.2790381025529332, -0.018257573177696437, 36.20067868934878], [0.2787794555063607, 0.9602301808841373, -0.015492414492086076, -2.75102521582324], [0.02185444673876012, 0.009784530794894454, 0.999713281953815, 28.79902866711523], [0.0, 0.0, 0.0, 1.0]], [[0.9896437423004086, -0.1408176266772242, 0.027850661439766677, 8.889092936725534], [0.14350307705513823, 0.9658447996379409, -0.2157560888782817, 30.330621966969296], [0.003482843858924283, 0.21751831883623018, 0.9760500247268655, 22.486917378113475], [0.0, 0.0, 0.0, 1.0]], [[0.9540802921621634, 0.29929548158859376, -0.012369753773233788, 3.9970343751854145], [-0.29936969140779474, 0.9541260232792822, -0.00461731173553082, 29.343786797921442], [0.010420363437069102, 0.008108415499522438, 0.9999128310127464, 9.753499300063135], [0.0, 0.0, 0.0, 1.0]], [[0.9799800832986381, 0.18805221298089644, -0.06538655466515758, 1.8598243863029353], [-0.190497127331831, 0.9811206700024324, -0.033362784240784066, 18.858023244817566], [0.05787815491454655, 0.045150814909196334, 0.997302122276255, 0.5941214696508403], [0.0, 0.0, 0.0, 1.0]], [[0.9894600305478873, -0.06687723801689573, -0.12843785650423892, 37.55797298063723], [0.06716944469059141, 0.9977394560798619, -0.002059971217715089, 9.695941389655104], [0.12828528227403765, -0.006588840314631448, 0.991715419631648, 15.306976013796472], [0.0, 0.0, 0.0, 1.0]], [[0.9903851612546787, -0.08380960094067669, -0.11005990712656324, 28.007405652804977], [0.08869134913138568, 0.995246517732309, 0.04022702488334942, -15.125896056419585], [0.10616532840714935, -0.04960161017422192, 0.9931105695300625, -1.6043899422345873], [0.0, 0.0, 0.0, 1.0]], [[0.9907082748639788, 0.13597076879185016, -0.0030106727146308903, 11.452773738489315], [-0.13600190702606155, 0.9903239726466724, -0.027602726071711676, 21.325747898047172], [-0.0007716225216292886, 0.027755706358669537, 0.9996144383527155, 19.66842191051469], [0.0, 0.0, 0.0, 1.0]], [[0.9921622389906093, -0.10652171104168573, -0.06532393587262729, 22.85315768284653], [0.11107002910046591, 0.9913109999967518, 0.07046949638717105, -17.064553192197266], [0.05724980486221051, -0.0771727047743661, 0.9953727108380293, 8.64004058725638], [0.0, 0.0, 0.0, 1.0]], [[0.9848755164728319, 0.1713291254488762, 0.02581758751887939, -2.861568296437187], [-0.17088673683869052, 0.9851173447025163, -0.01848081001719782, 20.690910997358806], [-0.028599654281056586, 0.013789414026375409, 0.9994958288236202, 28.586760783927605], [0.0, 0.0, 0.0, 1.0]], [[0.997974128566616, 0.009465019154484907, -0.06291305209661917, 10.63247896493803], [-0.012114141547092207, 0.999050021530581, -0.041860507095919534, 2.803045072647853], [0.062457075550202495, 0.04253784070866484, 0.9971407352132221, 2.195113508490353], [0.0, 0.0, 0.0, 1.0]], [[0.9804371863629135, -0.1914372588373395, -0.04576788749351243, 31.291805962081437], [0.19101153595709647, 0.9814943771549637, -0.013541814667800002, 6.136723708324816], [0.04751333210883047, 0.004534704183498484, 0.9988603104187715, 21.093589181407854], [0.0, 0.0, 0.0, 1.0]], [[0.9989645830714449, 0.011460282197742094, -0.04402753344034508, 7.736481084224187], [-0.010592681565357247, 0.9997460814621351, 0.01988888378867983, -4.281932589203685], [0.04424428625424449, -0.019401920859873287, 0.9988323225651028, 4.539699305774207], [0.0, 0.0, 0.0, 1.0]], [[0.9836103928677147, -0.17414324212749369, -0.04674105544319847, 34.13248168219196], [0.1748021378699903, 0.9845489836011805, 0.010368774564112532, 3.6376908063136972], [0.04421320660956393, -0.01836927084033435, 0.998853223576964, 9.318909708419863], [0.0, 0.0, 0.0, 1.0]], [[0.995177034743754, 0.09781033011794743, 0.007470531497090852, -4.463133884665482], [-0.09808213143723206, 0.9933980715914985, 0.059499301264989, -5.806148350873417], [-0.0016015652844578185, -0.059945063854420715, 0.9982003928611379, 12.924790627876595], [0.0, 0.0, 0.0, 1.0]], [[0.9951312005447058, 0.09554104872130713, 0.02420334091990956, 9.604165797281919], [-0.09707585920294683, 0.9925847062593509, 0.07315653395319052, 3.4924990130996196], [-0.017034414062779602, -0.07514990957591006, 0.9970267397759539, 33.432987368], [0.0, 0.0, 0.0, 1.0]], [[0.9992688176019857, 0.012970693309079595, 0.03596653004403609, -6.972759312283571], [-0.009191070179585774, 0.9946048280330696, -0.1033284098506341, 19.664287630962182], [-0.037112725543682196, 0.10292228703438552, 0.9939968050423141, 6.9394410883902715], [0.0, 0.0, 0.0, 1.0]], [[0.8933738754552252, 0.4477283298638898, 0.037715531169529026, -1.4043386595218263], [-0.44685147217443605, 0.8941181493654003, -0.02960568848931568, 43.448503800679916], [-0.0469774463934243, 0.009595708034275242, 0.9988498595473044, 42.65280332794047], [0.0, 0.0, 0.0, 1.0]], [[0.817954992390131, -0.5740342363048169, -0.03787249627374664, 50.65284741388582], [0.5742565642359383, 0.8186548087953176, -0.005805382695292239, 0.28530361582036834], [0.03433698961753466, -0.016999987830850723, 0.9992657161925231, 30.276469397391352], [0.0, 0.0, 0.0, 1.0]], [[0.6735071508213943, 0.7369657450517433, -0.05718048979130386, 12.09497195261198], [-0.7374260038582766, 0.6752219446388911, 0.016679757542733945, 59.520673450963436], [0.05090193145705192, 0.03093244410646184, 0.9982245124597667, -3.0778584552004142], [0.0, 0.0, 0.0, 1.0]], [[0.9802253898883486, 0.19752151673417973, -0.011976453784820205, -2.6114550704783204], [-0.19680721533374815, 0.9794090205158444, 0.04499878359207379, 3.485937873432656], [0.020618074856943596, -0.04175189767207825, 0.9989152486722626, -16.99022934997941], [0.0, 0.0, 0.0, 1.0]], [[0.9976012591143036, -0.002073469038626499, -0.06919124612045914, 31.23252072263942], [0.0014198746005000787, 0.999953922470603, -0.009494045069068044, 12.983981232850489], [0.06920774356728393, 0.009373028422046834, 0.9975582361789831, -6.775314587192053], [0.0, 0.0, 0.0, 1.0]], [[0.9998990886641147, 0.0028436000076995575, 0.01391856413820811, -7.913186755524521], [-0.0026945251791416374, 0.9999389348213498, -0.010717563267991951, 2.2427899753628013], [-0.013948190661593834, 0.010678977822837249, 0.9998456917994539, -14.720595827121134], [0.0, 0.0, 0.0, 1.0]], [[0.9922270823605887, -0.1152164612442954, -0.04701684898555658, 37.63461876381114], [0.11454682483638998, 0.9932773777994038, -0.01670555811217588, 10.441212196099094], [0.048625527761560136, 0.011190076419742003, 0.9987543943530997, 29.9537401557766], [0.0, 0.0, 0.0, 1.0]], [[0.9783508495448948, -0.12356771515636769, -0.16601396015339626, 38.97181640129532], [0.14982049940520914, 0.9762892486273724, 0.1562469870831812, -29.639070052723103], [0.14277056122587886, -0.17773666697007914, 0.973666392591227, 34.21904703121108], [0.0, 0.0, 0.0, 1.0]], [[0.9721925205986898, 0.22934475313216615, 0.047357017460043685, 2.214565590107399], [-0.23273046758746818, 0.9686895956548117, 0.08646962892619696, 9.875979559227206], [-0.0260428943952789, -0.09508654731801666, 0.9951282913125598, 32.885719482251496], [0.0, 0.0, 0.0, 1.0]], [[0.9899409045025436, 0.09473588283516472, -0.1050814831268062, 19.527874160738598], [-0.08996467550059062, 0.994725898236684, 0.04926199893729341, -5.6284566776760805], [0.10919415165090461, -0.03931284625496368, 0.9932427383900556, 7.181420230254571], [0.0, 0.0, 0.0, 1.0]], [[0.9982337283534913, -0.03250261056634061, -0.04972930608665102, 26.967707212141175], [0.032791895125254836, 0.9994496332513725, 0.005012205880858503, 11.209317950070886], [0.049539026954324744, -0.006634071153569835, 0.9987501558990349, 6.777786816059225], [0.0, 0.0, 0.0, 1.0]], [[0.9889932364156122, 0.1405239425437731, -0.04631846172023012, -2.6594117316473245], [-0.14235817079820123, 0.9890464687054323, -0.03900299922194507, 13.8471729331478], [0.04033025577856186, 0.0451675139151055, 0.9981649994643006, -13.918956099617057], [0.0, 0.0, 0.0, 1.0]], [[0.9906246979617443, 0.11544588560745218, -0.07304077823049687, 19.340433938234327], [-0.11580506167940527, 0.9932717226107617, -0.0006875691111140811, 15.87173298832993], [0.07246996258888729, 0.009139614771119664, 0.9973287181086307, 11.147296487227111], [0.0, 0.0, 0.0, 1.0]], [[0.997781075048324, -0.05186756348382908, -0.04174544446594703, 10.253387545342141], [0.051565518921384224, 0.9986352827006761, -0.008280664448246816, -10.164724806723177], [0.04211797162467417, 0.00610966476879576, 0.9990939637805003, -15.908000848078048], [0.0, 0.0, 0.0, 1.0]], [[0.9928946799837716, 0.11589594766614911, -0.026986733305227918, 14.80283851912179], [-0.11382479907989818, 0.9911284869960328, 0.06861659696731313, 8.527056139531199], [0.034699705680929, -0.06505729459114558, 0.9972780348760018, 23.040046669707657], [0.0, 0.0, 0.0, 1.0]], [[0.9939763078764864, 0.1090386025419207, 0.011030980733201926, -4.591177993504061], [-0.10921670686103543, 0.9938710574704538, 0.017088945695821787, 1.5645884415575302], [-0.00910001772865641, -0.018190774537362495, 0.999793121300137, 11.908474526223111], [0.0, 0.0, 0.0, 1.0]], [[0.9725154122410797, 0.21887463257253265, -0.07942082957136488, 15.671724579636392], [-0.2161855626165423, 0.9754862128987442, 0.041115094073068605, 16.913177764252854], [0.08647297537227525, -0.022815425937443023, 0.9959929120578924, 11.667375393250644], [0.0, 0.0, 0.0, 1.0]], [[0.8999044236111677, 0.43570144349037054, -0.018337952597279186, -31.42113494476916], [-0.4360796687371524, 0.8993397417503667, -0.03197735796590813, 42.52026193271244], [0.0025594685283130986, 0.036773374182857685, 0.9993203530760592, -3.781159990955389], [0.0, 0.0, 0.0, 1.0]], [[0.9997894666620647, -0.016064826768066056, 0.012764939972392425, 18.819323491903006], [0.01612304126888805, 0.9998600201844446, -0.00447074680628027, 13.74386540254617], [-0.01269133136548272, 0.004675615219001835, 0.9999085301818854, 24.77574137745666], [0.0, 0.0, 0.0, 1.0]], [[0.9093052330170082, -0.4155909517662981, -0.021169648506012995, 40.06395337091799], [0.4159037859226532, 0.9093110126297324, 0.01332378195162737, -26.44755068185678], [0.013712551297614744, -0.020919921612494955, 0.9996871124590125, 13.589674573576369], [0.0, 0.0, 0.0, 1.0]], [[0.9981639864694061, 0.015660289796317315, -0.05850992598693742, 25.097170572645908], [-0.013720580855057292, 0.9993476218922867, 0.03340772783698872, 9.697378264588625], [0.058994930091503375, -0.03254360062632646, 0.9977276744090906, 8.399116287948758], [0.0, 0.0, 0.0, 1.0]], [[0.996213922289142, -0.03743577427866026, -0.0784626270363084, 12.595842124336073], [0.04124403392669762, 0.9980198265803496, 0.047490582413560606, -12.89603174686609], [0.07652941070421909, -0.05054689462947241, 0.9957852483043631, -0.10533227380586137], [0.0, 0.0, 0.0, 1.0]], [[0.8623569969384073, 0.5048987732762436, 0.03765154147595976, -5.052792437849874], [-0.5051942904999276, 0.8630035415665228, -0.0019016019328096999, 44.04890400692652], [-0.0334535301223275, -0.017381484050026094, 0.9992891199920938, 39.17405226969283], [0.0, 0.0, 0.0, 1.0]], [[0.9904843581126803, 0.13213177008920424, 0.038495865585905106, -9.442774184857042], [-0.1311474361709186, 0.9909931428221759, -0.027072880622883648, 15.557066710656333], [-0.04172632646075146, 0.02176663071124635, 0.9988919498462143, 13.855559320910258], [0.0, 0.0, 0.0, 1.0]], [[0.9705953526122425, 0.23223311039258038, -0.06334385467355566, 14.136141114306168], [-0.23049063166815384, 0.972492392015505, 0.033654363538453705, 21.83310745666733], [0.06941707427378635, -0.01806460376954248, 0.9974241524496572, 4.567153748118261], [0.0, 0.0, 0.0, 1.0]], [[0.9951726407778242, 0.05878703706798778, -0.07858434526072032, 9.957213118810483], [-0.05606235616351974, 0.9977620022806255, 0.03644172095756274, -2.902435151141181], [0.08055077447600181, -0.03186018012694284, 0.9962411864872842, -8.774143311873702], [0.0, 0.0, 0.0, 1.0]], [[0.8721342468269638, -0.48525805024232066, -0.06250184146555604, 63.46467380997139], [0.4887445324147014, 0.8699657943279585, 0.06548510314613104, -15.293036014820192], [0.022597290684933744, -0.08765923439287808, 0.9958941816675888, 43.767497085809865], [0.0, 0.0, 0.0, 1.0]], [[0.7822245949526805, 0.609453575748562, 0.1291937384643834, -37.55602622267608], [-0.6093186558665206, 0.7916354640506822, -0.04521136660481805, 61.51985947101784], [-0.12982857414348026, -0.04335471213777793, 0.9905881638053824, 44.91019927792776], [0.0, 0.0, 0.0, 1.0]], [[0.9826069180847946, -0.16950921069559255, -0.07583054807436025, 40.96080870020924], [0.173289336210646, 0.983779112239731, 0.046362315262280504, -3.72402284966704], [0.06674166979911698, -0.05869655705544047, 0.9960423001571078, 29.96798409562923], [0.0, 0.0, 0.0, 1.0]], [[0.9964187472006247, 0.0826168716347252, 0.01800368707875686, -5.902287805006963], [-0.0818399097712999, 0.9958303360453858, -0.04030100470655479, 9.121615965242647], [-0.021258160686286314, 0.03868325649455566, 0.9990253731868942, 15.41782221288408], [0.0, 0.0, 0.0, 1.0]], [[0.9726120822115781, 0.22396149482907315, -0.06218509765198349, 12.03498972096856], [-0.22017945787753446, 0.9734712347777171, 0.062247581391593476, 13.421175508749968], [0.07447646517400495, -0.04685086866083711, 0.9961216051471392, 3.2594934459060947], [0.0, 0.0, 0.0, 1.0]], [[0.9943801322935979, 0.06490202569328267, -0.08364137469384125, 12.52671338336873], [-0.062449931903123077, 0.9975474098510191, 0.03160966790110973, -7.51532119232398], [0.08548776816049372, -0.026208627595348203, 0.995994452461711, -7.0785709237646675], [0.0, 0.0, 0.0, 1.0]], [[0.9963293026132551, -0.08023381542352852, -0.029840502957687705, 27.219554948970288], [0.08122251446789504, 0.9961313920099399, 0.03354330031247204, 1.396281091764398], [0.02703375478355132, -0.03584389369088229, 0.9989916873464875, 19.506609757840675], [0.0, 0.0, 0.0, 1.0]], [[0.9970869776690741, 0.03695962131598424, -0.06671990224012392, 8.955521266418724], [-0.03308765120485795, 0.9977544874078785, 0.05823392649640783, -11.948517041974489], [0.06872238573054852, -0.05585668491436277, 0.9960709133640434, 2.539598297642568], [0.0, 0.0, 0.0, 1.0]], [[0.998837639110113, -0.02398302525563752, -0.041811304649899204, 22.23885425250439], [0.023604253099493565, 0.9996759622113064, -0.009529418267333023, 14.376088624909968], [0.04202630048617502, 0.008531417026859433, 0.9990800793684967, -2.982311277534665], [0.0, 0.0, 0.0, 1.0]], [[0.9991260672001776, -0.0033493308114414, -0.04166393913473918, 9.977982067357933], [0.003452520454585257, 0.99999114798532, 0.002405005927979877, -1.2767191388897259], [0.041655515164482, -0.002546749716496931, 0.9991287865546975, -18.0738637162182], [0.0, 0.0, 0.0, 1.0]], [[0.995070295880774, -0.08933592318568241, -0.04306041203135012, 29.75164666652806], [0.09002900335889356, 0.9958345939934551, 0.014430521823349965, 4.3987213413419815], [0.041591883943290366, -0.018236069599880573, 0.9989682482219316, 4.02259448321544], [0.0, 0.0, 0.0, 1.0]], [[0.9945125835758799, -0.0854699985596343, -0.060329101231892335, 17.888141153619767], [0.08896655857439982, 0.9943522174601841, 0.05786725401677928, -20.835857170308064], [0.05504246146984795, -0.06291698481515684, 0.996499764403941, 5.981066292628245], [0.0, 0.0, 0.0, 1.0]], [[0.9986386313927724, -0.013280996272846426, 0.05044302754567049, -10.64493589716491], [0.013022375331804883, 0.9999003406464123, 0.0054522028491892985, 3.2994929929380516], [-0.05051041111187104, -0.00478789235381788, 0.9987120578305427, -7.735600880597808], [0.0, 0.0, 0.0, 1.0]], [[0.9959213923974645, -0.0709505271161106, 0.05573690758415281, -27.677643765228094], [0.06777584129082992, 0.9960754477431567, 0.05692220779794601, -23.101699306867935], [-0.05955682582558091, -0.05291242864600292, 0.996821578514614, -6.024274723363174], [0.0, 0.0, 0.0, 1.0]], [[0.9927885386289605, -0.10153016967353343, 0.06373807506535796, 14.93134128430347], [0.10323807842739634, 0.9943648716665527, -0.024091516311339947, 10.96551167721066], [-0.060932887093854755, 0.030497977664499666, 0.9976758274253138, 21.642798795741104], [0.0, 0.0, 0.0, 1.0]], [[0.9971165556404399, -0.06793743251503646, 0.0338094621520881, 3.1334803370718496], [0.06823535293781972, 0.9976392588448769, -0.007736008072749029, -8.245863863245724], [-0.03320408223697481, 0.010020702306491713, 0.999398356236435, -1.3754814414117027], [0.0, 0.0, 0.0, 1.0]], [[0.9961967277870966, -0.07635319487789384, -0.04197938992192605, 28.20562957473896], [0.07674998273753648, 0.9970189085404547, 0.007920616300857589, 6.121635867070021], [0.04124948116118049, -0.011112409492811611, 0.9990870806186976, -1.63130776189267], [0.0, 0.0, 0.0, 1.0]], [[0.9903109305109581, -0.13009670031928064, -0.04857066477370783, 19.2094758816432], [0.13104008227954148, 0.9912354167012898, 0.016758446025646308, -17.798375233014617], [0.04596474460600958, -0.022960776185894125, 0.998679150183006, -23.580445564076783], [0.0, 0.0, 0.0, 1.0]], [[0.998248877643832, -0.053240573708827496, -0.025780217105057002, 24.539696765806063], [0.053811043409503684, 0.9983095448490458, 0.02196415876993579, 5.7324938915414725], [0.024567252390315913, -0.023312957222226007, 0.9994263135096776, -2.7896932836816695], [0.0, 0.0, 0.0, 1.0]], [[0.989794294678059, -0.10820935902915342, -0.09272534087975558, 31.366214459140785], [0.11173894239580483, 0.9931645333822794, 0.033743419859741386, -14.279607747694154], [0.08844016607308088, -0.0437600759832926, 0.9951197881536206, -19.561630714117992], [0.0, 0.0, 0.0, 1.0]], [[0.9995089307222229, 0.026927596018183248, 0.016025042252677472, 15.222072440017476], [-0.027725199685001724, 0.9982710979046207, 0.0518278727204921, 8.389447743685253], [-0.014601736504449066, -0.0522467191408826, 0.9985274506141878, 39.249631291085976], [0.0, 0.0, 0.0, 1.0]], [[0.9939562346429183, 0.06591143031506043, 0.08778773814319368, -15.14454855597834], [-0.07484770606682566, 0.9918892054858311, 0.10273083732367577, -12.770468525949887], [-0.0803045734127833, -0.10868066706876793, 0.9908277792303164, 36.070797604740704], [0.0, 0.0, 0.0, 1.0]], [[0.9610455327602048, 0.27617346740562493, 0.010940743247464909, 2.999451197858391], [-0.27638822296705057, 0.9604314390058615, 0.03436569763942834, 24.21145671216831], [-0.0010169399040621716, -0.03605089278066618, 0.999349437865929, 2.3040632665820264], [0.0, 0.0, 0.0, 1.0]], [[0.9979168746592808, 0.06321209340055549, 0.012889628317747738, -8.42031164100594], [-0.063826167613535, 0.9964621203759316, 0.05467598178055973, -11.050059157912125], [-0.009387843097280761, -0.05538478043486873, 0.9984209505504973, -1.6375561938694538], [0.0, 0.0, 0.0, 1.0]], [[0.9974433816737232, -0.025385213360423604, -0.0668003839654514, 35.522806724153625], [0.023643073885824574, 0.9993627192070177, -0.02674248523195023, 15.879783254121277], [0.06743667705718759, 0.025094748490419483, 0.9974079146395849, 8.620079619875668], [0.0, 0.0, 0.0, 1.0]], [[0.9934676135326654, -0.07467584277724476, -0.08628800245237048, 25.898443358447974], [0.07944017324294383, 0.9954209878908276, 0.0531631050784353, -13.260001761967622], [0.08192288896787735, -0.0596705569938632, 0.9948507751875154, 7.61567700180294], [0.0, 0.0, 0.0, 1.0]], [[0.9889565380692915, 0.14811517105889024, 0.005182847884937734, 10.8767415407107], [-0.148196319870248, 0.9886842673968527, 0.02326521392259086, 16.367131117462034], [-0.0016782690242827722, -0.02377636440132198, 0.9997158935962445, 34.107352647680266], [0.0, 0.0, 0.0, 1.0]], [[0.9968734915460362, -0.050254378161172085, 0.060973267326348675, -6.141103512919905], [0.045247775967882556, 0.9956959331731023, 0.08088416057860119, -19.14988400489577], [-0.06477561750208767, -0.0778723708267479, 0.9948567802648998, 27.791733218058045], [0.0, 0.0, 0.0, 1.0]], [[0.961179155761371, 0.27537791731462313, -0.017367590083791955, 14.861437264235775], [-0.27414921188935376, 0.9602290995785323, 0.05293662194595121, 15.577352611616234], [0.03125444208915621, -0.046120266456979295, 0.9984468342739301, 2.1383238499326125], [0.0, 0.0, 0.0, 1.0]], [[0.9962147017450214, -0.08172717350264867, 0.029613124427222942, 6.574314031114619], [0.08249012841523053, 0.9962648719694789, -0.0255280942036898, -1.7501689594346965], [-0.02741617663192664, 0.02787425319002552, 0.9992353973253657, 3.3031065750239077], [0.0, 0.0, 0.0, 1.0]], [[0.9437738121666588, 0.33020761237013774, 0.015934999254045568, 2.004234351985453], [-0.33043981437478304, 0.9407813653877173, 0.07576246838099539, 13.332859811134385], [0.010025993435683283, -0.07676819179865706, 0.9969985577640488, 15.6047673020463], [0.0, 0.0, 0.0, 1.0]], [[0.9919908147931424, 0.11391957371627959, 0.05455780503593631, -8.71029194971