[[[0.9942822581206514, 0.10521351188167712, -0.018245769482900135, -15.073903047316968], [-0.10644906320599376, 0.9901087204141608, -0.09139649174011308, 11.175505964828321], [0.008449149606043996, 0.09281615526059227, 0.9956474140947571, -24.248424915366456], [0.0, 0.0, 0.0, 1.0]], [[0.9977495546551355, 0.06439951564363743, -0.01866891990288031, -29.34036565794918], [-0.06603490827016917, 0.9920609062800395, -0.10702592732872837, 0.1312382366134105], [0.01162828771683967, 0.10801787174208172, 0.9940809435398525, -33.83330686085837], [0.0, 0.0, 0.0, 1.0]], [[0.9674912390962468, 0.2528499629869702, 0.005253426452793226, -22.469933183420206], [-0.25150624055155163, 0.9641157730247577, -0.0850022774312404, 22.391928024085765], [-0.026557734007860788, 0.08091768918079766, 0.9963669074904118, -19.653540407671727], [0.0, 0.0, 0.0, 1.0]], [[0.9842062697922065, 0.17173964260038563, -0.04293615796975151, -33.47795277199631], [-0.1733731189543774, 0.9841329731885001, -0.03773662289070751, -1.8419072778296866], [0.03577401467186697, 0.04458459647295208, 0.998364880007104, -43.74701584243407], [0.0, 0.0, 0.0, 1.0]], [[0.9993482668502379, 0.036049723538613465, -0.0018598323084262137, -0.060888514225301456], [-0.03607303488315485, 0.999242988961342, -0.014566577014504692, 0.38537165256631556], [0.0013333033205618664, 0.014624173289124446, 0.9998921721155057, -0.7886977593753183], [0.0, 0.0, 0.0, 1.0]], [[0.9985956337494847, 0.04801316702565106, 0.022394107453412783, -15.8164456170967], [-0.047685670271239156, 0.9987507131549681, -0.01493619172438177, -13.191178859195306], [-0.023083264657554847, 0.013847337816770685, 0.9996376414121977, -11.84684702129046], [0.0, 0.0, 0.0, 1.0]], [[0.9874593474470545, 0.15516221735292335, 0.029132858520268867, -19.602537387126382], [-0.15588893650684219, 0.9874686495061886, 0.02458263039607098, -2.8600127315161923], [-0.02495348901864302, -0.028815838501565418, 0.9992732213149956, -8.903923451844953], [0.0, 0.0, 0.0, 1.0]], [[0.9927811377365255, 0.11698130282898928, -0.026476165564543814, -24.564880386671028], [-0.11640191735210431, 0.9929481354404327, 0.022463169013370546, -19.1129240304535], [0.028917230007777833, -0.01921913405441724, 0.9993970275595541, -24.015997816260956], [0.0, 0.0, 0.0, 1.0]], [[0.942694888085918, 0.33354382121706694, 0.008652589473417804, -22.730431833441603], [-0.3334789351257245, 0.9427224724336583, -0.008132637701502687, 22.354175823202624], [-0.01086958159686706, 0.004781139664185979, 0.9999294939641594, 14.671198087647458], [0.0, 0.0, 0.0, 1.0]], [[0.9971975866519815, 0.06676160330872906, -0.0337618349488297, -21.116783885707466], [-0.06501176889184586, 0.9966052322041026, 0.05051218713300967, -20.33477021986165], [0.03701949595844526, -0.04817571449449255, 0.9981526223238253, 3.902501325386693], [0.0, 0.0, 0.0, 1.0]], [[0.9931056792886716, 0.1133321068441215, -0.02994901205148703, -7.414517273486701], [-0.11163974938833959, 0.992325516909847, 0.05316610617784483, -13.680242561846422], [0.035744595690764526, -0.04945606179102591, 0.9981364745519667, -16.538240676604275], [0.0, 0.0, 0.0, 1.0]], [[0.9474294791374165, 0.31993368502643965, -0.004451881265882189, -36.10772146278021], [-0.31976259772933685, 0.9472339164290972, 0.022355953564537775, 0.951142271226351], [0.011369395533141464, -0.01975714432290926, 0.9997401622888895, -31.69473884792676], [0.0, 0.0, 0.0, 1.0]], [[0.9629504877886655, 0.26907767408012645, 0.017987867555721272, -21.94666440981981], [-0.2693626266182984, 0.9629076317826561, 0.015895535096689863, 3.705911940421453], [-0.013043521336823329, -0.020151872527090522, 0.9997118427751029, -25.889950817171407], [0.0, 0.0, 0.0, 1.0]], [[0.9845627178243158, 0.17329262358673184, -0.024615468324290273, -32.33091993545636], [-0.17242198687601432, 0.9844380765552294, 0.03394601405125517, -21.018199268736122], [0.030114998125924552, -0.029177731897248458, 0.9991204866527393, -43.17247974504091], [0.0, 0.0, 0.0, 1.0]], [[0.9681931429905807, 0.2465864051593919, 0.04239319115829436, -22.648674677921328], [-0.24674770855761205, 0.9690786433591204, -0.0014667333797965454, 6.078753682901772], [-0.04144401268679522, -0.009040341575839559, 0.9990999279534576, -6.522817373071933], [0.0, 0.0, 0.0, 1.0]], [[0.9966592017820113, 0.08152854055125122, -0.0048510389429539435, -30.401936087870503], [-0.08158435123593155, 0.9965854455672001, -0.012706034669979141, -16.240942888054583], [0.003798570343590602, 0.01305935523697713, 0.9999075077746631, -27.338014182624523], [0.0, 0.0, 0.0, 1.0]], [[0.9924336074965515, 0.11326020727786212, -0.04740949439463169, -3.3633742511841547], [-0.11274761412313374, 0.9935338548877448, 0.013358693852265492, -3.427533142255447], [0.04861594615884649, -0.007912309351467044, 0.9987862059218717, -20.944967849789307], [0.0, 0.0, 0.0, 1.0]], [[0.9797665127058386, 0.19885998138548971, 0.022633788538390508, -41.32555634256239], [-0.19934868421320542, 0.9796844037488033, 0.021876269193216613, -11.028131068673538], [-0.017823655144262585, -0.02594565194234013, 0.9995044474451238, -33.042859327635526], [0.0, 0.0, 0.0, 1.0]], [[0.9780043823325851, -0.20759755336844588, 0.020265339219747505, 12.60537761853681], [0.208082958486003, 0.9777702063773133, -0.02582452145876352, -9.69925983780477], [-0.014453737439448578, 0.029473366897880146, 0.9994610598306128, 1.84131639038099], [0.0, 0.0, 0.0, 1.0]], [[0.9942400351769037, -0.1065640186994687, -0.011439509169934685, -8.659928725466568], [0.10648894583289163, 0.9942893566398605, -0.006984245706738525, -23.76118191723512], [0.012118451502944718, 0.005725835424799807, 0.9999101749366583, -2.791009047515604], [0.0, 0.0, 0.0, 1.0]], [[0.9945414022267514, 0.10225421311007112, -0.020771980119573756, -8.292004511815243], [-0.10051265004605436, 0.9923012303260211, 0.07235658556195189, -21.8927838011102], [0.0280108271489296, -0.06987377329660117, 0.9971624989778376, -4.437082245559023], [0.0, 0.0, 0.0, 1.0]], [[0.9971776443160538, 0.06228908986642646, -0.04191437652997202, -21.134425304759453], [-0.05934673586541099, 0.9959105862233054, 0.0681180533373712, -35.67234551573217], [0.04598598284700631, -0.06543831852946756, 0.9967964264831771, -24.794076963467475], [0.0, 0.0, 0.0, 1.0]], [[0.9762768724788864, 0.21454258949339122, -0.02923945205225882, -10.200977217975318], [-0.21258247675723305, 0.9753719682639753, 0.05880658211989159, -5.018805140886623], [0.04113585830642911, -0.05119571093688695, 0.9978410897247428, -17.434550631239336], [0.0, 0.0, 0.0, 1.0]], [[0.9877805405739302, 0.15518852094922436, -0.014357110749212162, -28.042668442043002], [-0.15481146217703362, 0.987641664807305, 0.024440808400361586, -9.935627119795226], [0.017972613668630233, -0.021919509626049827, 0.9995981793979363, -23.02764232696658], [0.0, 0.0, 0.0, 1.0]], [[0.998600034665267, 0.046939063650152206, -0.024386370582272596, -4.657424248577825], [-0.046880701741207516, 0.9988961105357186, 0.0029597568929012777, -3.659625142141087], [0.024498378941899625, -0.0018123631700338986, 0.9996982268509635, -18.651853134417824], [0.0, 0.0, 0.0, 1.0]], [[0.9965445940558746, -0.01248076399403921, -0.08211639658520052, -8.561894345991533], [0.011867860455910637, 0.9998979885654001, -0.007947726156917932, -19.244939321934087], [0.0822072134682346, 0.0069457176008976655, 0.9965910550776574, -35.544504478771735], [0.0, 0.0, 0.0, 1.0]], [[0.9984323635818854, 0.05471282431495501, -0.011803482866156307, -6.472510854953462], [-0.05471989426573845, 0.9985017058867666, -0.00027660940110332176, 0.2942794630101268], [0.011770663695695864, 0.0009220611125360909, 0.9999302982105639, -14.203100553926426], [0.0, 0.0, 0.0, 1.0]], [[0.9992363820545888, -0.0322927523275128, -0.021996157063680986, -17.428398323283602], [0.032332349601468864, 0.9994761256805784, 0.0014468461531171018, -19.210373009452233], [0.021937911197390705, -0.002156928755502088, 0.9997570083328453, -17.101320703540843], [0.0, 0.0, 0.0, 1.0]], [[0.9447628061818117, 0.3256950976087161, -0.03668710194490687, -9.6628752087751], [-0.32420943796039986, 0.9450895103891624, 0.041158932077651686, 7.232312084686546], [0.048077857615210585, -0.026991123467174683, 0.9984788424704399, -15.996049007871354], [0.0, 0.0, 0.0, 1.0]], [[0.9288149955092369, 0.3705430390236903, 0.0007485641355789387, -35.81547521797676], [-0.3702865402414349, 0.9280929948412904, 0.039131458477198254, 2.657925019586135], [0.013805152415150167, -0.03662306865368114, 0.9992337907662968, -28.36555483272717], [0.0, 0.0, 0.0, 1.0]], [[0.9495316894338235, 0.31315280361187986, 0.018024770483134302, -20.14625884617773], [-0.31357090013045724, 0.9491122797362522, 0.029311619628215217, 1.2348866475631732], [-0.007928515139989685, -0.03348435521066214, 0.9994077929473043, -0.9482682127945535], [0.0, 0.0, 0.0, 1.0]], [[0.9809673227029996, 0.19169308421305517, -0.030933367967290338, -28.214766360734515], [-0.19010224959597607, 0.980585989980715, 0.048085870607622386, -22.77770374606703], [0.039550556095488125, -0.04129016491164019, 0.9983640998123443, -17.557748993156892], [0.0, 0.0, 0.0, 1.0]], [[0.9982625496818262, 0.05641935660682323, 0.016992295395648057, -8.287352116040859], [-0.056616056966144676, 0.998331781880353, 0.011325872205084518, -3.9173735970373054], [-0.016324950117752663, -0.012268230828923761, 0.9997914715159265, -4.172181056953936], [0.0, 0.0, 0.0, 1.0]], [[0.9961176687061764, 0.08802874105996583, 0.0007285868294770044, -25.26291566917776], [-0.08803085787430316, 0.9960359987354825, 0.012761554957082904, -17.302727589669882], [0.00039768490647592995, -0.012776148496549964, 0.999918302600921, -21.210831935933655], [0.0, 0.0, 0.0, 1.0]], [[0.9736325284541805, -0.2271848689563919, -0.020657561646733654, 8.383666537943595], [0.22773601174669367, 0.9732575646621131, 0.030100195708412127, -28.0513113653094], [0.013266819122580075, -0.03401100035638553, 0.9993333995044537, 14.878703616071347], [0.0, 0.0, 0.0, 1.0]], [[0.9989233842090524, 0.046389651905044564, -0.0002695857275677786, -28.041429090676974], [-0.046333740712098614, 0.9979729518891779, 0.04362535695242825, -30.843728614479833], [0.0022928043875844674, -0.04356589828904668, 0.9990479245533272, -7.65217488467848], [0.0, 0.0, 0.0, 1.0]], [[0.9854286002685478, 0.17007268807234127, -0.0023988631928727982, -7.3536912091169215], [-0.170029622698435, 0.985357633306278, 0.012659458522320657, -1.8039842184603463], [0.004516766298786068, -0.012067114688218855, 0.9999169883371837, -38.6953897786404], [0.0, 0.0, 0.0, 1.0]], [[0.992648303161589, 0.10385991117762688, -0.062148733539738314, -18.857258433739997], [-0.10366698257462338, 0.9945919230183466, 0.0063295647985692005, -15.111642303187741], [0.06247001644221557, 0.00015973991984791618, 0.9980468283246368, -53.226453273802136], [0.0, 0.0, 0.0, 1.0]], [[0.9905737176551982, -0.13663491252873375, -0.009726796442153166, 0.6130393608213741], [0.1369427311709228, 0.9894710007296859, 0.046838307980169636, -23.461473188988943], [0.0032246348956468654, -0.047728810934927764, 0.9988551257997973, -0.3994854429046611], [0.0, 0.0, 0.0, 1.0]], [[0.9951634875589928, -0.08882142725657381, -0.0419569671154481, -7.700174024803214], [0.0903428056868797, 0.9952645038367428, 0.03587122611825327, -37.20872693132888], [0.03857214655738443, -0.03948824461417982, 0.9984752716253149, -17.53322362409602], [0.0, 0.0, 0.0, 1.0]], [[0.9976930579879488, 0.05611827770271925, 0.03820079777098423, -15.598926078313701], [-0.05586153243426163, 0.9984083979501751, -0.007756294003068783, -4.745993634196014], [-0.03857526716375512, 0.005604445578876771, 0.9992399806618035, -23.307790432536425], [0.0, 0.0, 0.0, 1.0]], [[0.9874294331703025, 0.15704571273598844, 0.017881795777224967, -36.80965243907488], [-0.15656252305404936, 0.9873306486958727, -0.02581407601940701, -4.004363030096671], [-0.02170923499166345, 0.02268995938803861, 0.999506815814201, -27.276771828888354], [0.0, 0.0, 0.0, 1.0]], [[0.9938687992013752, -0.11038255536965454, -0.0063640744872797686, 0.679430133013643], [0.11055346338786134, 0.9929717851799524, 0.042248852877767834, -27.558986015702285], [0.0016558100625677843, -0.0426933871530898, 0.9990868495713628, -16.415127505133885], [0.0, 0.0, 0.0, 1.0]], [[0.998272509480431, -0.039892955470123635, -0.04313408071937855, -19.925217229865055], [0.04134930548570426, 0.9985858289492725, 0.03341522344000089, -36.25797345768985], [0.04174004973040923, -0.03514106323880949, 0.9985103273992458, -38.41858876727361], [0.0, 0.0, 0.0, 1.0]], [[0.9816940750201861, -0.18821482337882312, 0.02918772568636475, 5.32753150846457], [0.1895526956287175, 0.9804315466540462, -0.05313904313633097, -7.086303525289557], [-0.018615011419572385, 0.0576988958823001, 0.9981604674418916, 5.591034277384633], [0.0, 0.0, 0.0, 1.0]], [[0.9738974534956223, -0.2269833248668925, -0.0015232554332973208, -4.325444013382855], [0.2268582603652729, 0.9735442560822454, -0.027329675323938846, -32.09032229658908], [0.0076863371501929845, 0.026270738125156404, 0.9996253140750166, -10.642729455608594], [0.0, 0.0, 0.0, 1.0]], [[0.9764999456406361, 0.2144900455330107, 0.02102085942773361, -23.66564864171225], [-0.21512457545723723, 0.9759595878851618, 0.03498999641850557, -3.9842126436132856], [-0.013010503379077675, -0.03868983306077423, 0.9991665645024116, -5.002430880281271], [0.0, 0.0, 0.0, 1.0]], [[0.9924445351633512, 0.11580968032741784, -0.040521137284869974, -31.16265925032036], [-0.11435672534029206, 0.9927685641377421, 0.03651188065999034, -25.950588758783827], [0.044456540506915, -0.03160215186258174, 0.9985113519654192, -30.693966107538998], [0.0, 0.0, 0.0, 1.0]], [[0.9972666399262864, 0.037687220908987386, -0.06355251584547901, 7.617350725951551], [-0.03628163731469253, 0.9990739363964614, 0.023128173448101072, -7.412640288109512], [0.06436529875560112, -0.020759166491878173, 0.9977104616684453, -11.758952136151372], [0.0, 0.0, 0.0, 1.0]], [[0.997755369040224, 0.040879839388519836, -0.05303830957879507, -15.471691548523093], [-0.041080970409866434, 0.9991521533572216, -0.002707085482739934, -14.000628809599531], [0.05288267600633467, 0.004879874301250428, 0.9985888089725495, -27.897269429815818], [0.0, 0.0, 0.0, 1.0]], [[0.9830152355365964, 0.1829300705047989, -0.014752491587474513, -13.926624094807147], [-0.1828601290457084, 0.9831208148224363, 0.005969645572198119, 3.9384021677204015], [0.015595509235549934, -0.0031706100327930217, 0.9998733556424554, -14.898423378355233], [0.0, 0.0, 0.0, 1.0]], [[0.9955615464579021, 0.07386598964199724, 0.05831828862856263, -40.55706689399019], [-0.07393501054018096, 0.9972625838353477, -0.0009762676256161966, -15.5812248212749], [-0.058230760176897274, -0.0033398287773228298, 0.9982975629104596, -19.327650849153482], [0.0, 0.0, 0.0, 1.0]], [[0.9766191644897405, 0.21431603297341764, -0.01684178024732466, -19.809696833388326], [-0.21419552519397037, 0.9767522270030056, 0.008681245967572816, 3.267467937369578], [0.018310776560306267, -0.004870837218303749, 0.9998204790893974, -11.791571276377889], [0.0, 0.0, 0.0, 1.0]], [[0.9711066197750938, 0.23684022868462412, 0.029302544353860826, -49.94139293660605], [-0.23740667877536134, 0.9712507631363102, 0.017607497834403196, -5.881516547141208], [-0.02428995475185882, -0.024055377439382363, 0.9994154976356957, -7.352813561285077], [0.0, 0.0, 0.0, 1.0]], [[0.99457212719649, 0.10269983033307771, -0.0167041507837886, -8.34022056619735], [-0.10251601312942236, 0.9946647169898308, 0.011513810298460728, -0.32779656438562954], [0.017797495776051723, -0.009738871859610213, 0.9997941805786862, -13.701109122864578], [0.0, 0.0, 0.0, 1.0]], [[0.9835334538221564, 0.17211869363884313, -0.055109894871229664, -22.379231367689037], [-0.1714428501901002, 0.9850508052998591, 0.016800598108229436, -10.379669007005587], [0.05717774332163499, -0.007075752833264475, 0.9983389401353067, -36.34656840047282], [0.0, 0.0, 0.0, 1.0]], [[0.9977520967313143, -0.054343083566340426, -0.03921202285993807, 15.133934925615831], [0.05468927073070773, 0.9984728790212046, 0.0078098352127895405, -8.486253176619092], [0.038727730829599676, -0.009936756392772644, 0.9992003921822583, -12.046887036455686], [0.0, 0.0, 0.0, 1.0]], [[0.9957141480394829, 0.08284249677911454, -0.041115156833106334, -14.100000441536253], [-0.08158050284287506, 0.9961694785226062, 0.03148001931231964, -25.50334064795018], [0.04356554774029796, -0.0279909054409243, 0.9986583761540708, -30.54232893386789], [0.0, 0.0, 0.0, 1.0]], [[0.9791043970257853, 0.19801022584293101, 0.04633066140698578, -28.886158982433923], [-0.19833018115000384, 0.9801324051181368, 0.002368054548323795, 6.0923379829342785], [-0.044941283579620926, -0.011507341090307684, 0.9989233514796065, -23.865785905118816], [0.0, 0.0, 0.0, 1.0]], [[0.994766422048326, 0.1021257124382516, -0.0031787456880163207, -33.9133236453993], [-0.10217511503166313, 0.994251796874165, -0.0319939100573891, -5.998223491153442], [-0.00010692724617997735, 0.03215125614145442, 0.9994830090077015, -30.87060546973088], [0.0, 0.0, 0.0, 1.0]], [[0.9944335068112032, -0.09516834008042747, -0.04522153886711491, 24.543516863789556], [0.09389118899833701, 0.9951429978804412, -0.029578005308110198, -1.0414372684511806], [0.047816787425050605, 0.025167455490456524, 0.9985390097660117, -2.394279290395859], [0.0, 0.0, 0.0, 1.0]], [[0.9991655451879342, -0.010761932443273649, -0.03940043298477899, -1.7679865572639795], [0.01079387097053745, 0.9999415656815862, 0.0005979730194305591, -19.62938404845616], [0.03939169530209429, -0.00102275722778802, 0.9992233225405036, -23.770703396354882], [0.0, 0.0, 0.0, 1.0]], [[0.9964429525684743, -0.0840924771314961, -0.005467866723637626, -1.1934443767522382], [0.08382830827395459, 0.9957657891942472, -0.03772675181197419, -3.019893323360735], [0.008617250637266064, 0.03713419394903164, 0.9992731331478933, -14.533338644605958], [0.0, 0.0, 0.0, 1.0]], [[0.9988968888606272, -0.04670233973068068, -0.004888444357392417, -18.976929957998884], [0.04635960516246412, 0.9973796737455344, -0.05553893596771197, -12.00223430460881], [0.007469433294143869, 0.055251043998509775, 0.9984445551473221, -28.620822704648486], [0.0, 0.0, 0.0, 1.0]], [[0.9015096160140347, 0.43160463754983597, 0.03158874925840069, -28.775882620036246], [-0.4306579715608185, 0.9019235972238442, -0.032673174041241634, 23.732647568597542], [-0.04259253180261145, 0.01585123390411327, 0.9989667735307146, 1.3040382768337553], [0.0, 0.0, 0.0, 1.0]], [[0.9161867626749143, 0.4007301732547744, -0.004140548569545015, -47.161798813461004], [-0.40074143282843017, 0.9160412348076371, -0.01657589052554026, 12.250421927119497], [-0.0028495462577249283, 0.016845900845503737, 0.9998540372028445, -14.872076151342709], [0.0, 0.0, 0.0, 1.0]], [[0.9899421802934104, -0.14141828064954454, 0.003917853246436519, 12.370404720765578], [0.14146960467265526, 0.9893635629620587, -0.033853969291482856, -5.273561544186262], [0.0009113888833070792, 0.0340677293219355, 0.9994191108784916, -1.1581412782732845], [0.0, 0.0, 0.0, 1.0]], [[0.9877097462546931, -0.15584212060957028, -0.011945316965271194, -2.899105792886545], [0.1555917511219961, 0.9876266273654454, -0.019617642609233477, -25.938824546927307], [0.014854768132805648, 0.01751794401934745, 0.999736193953711, -7.783376254038808], [0.0, 0.0, 0.0, 1.0]], [[0.9913161435787881, 0.13124038848353126, 0.008262197696131847, -19.283456333815206], [-0.13126865288931763, 0.9913423688226979, 0.002974650504573844, -0.7775786420257672], [-0.007800272347941785, -0.004033386628165291, 0.9999614430284822, -6.032725497121627], [0.0, 0.0, 0.0, 1.0]], [[0.9992701602665072, 0.022552550604259983, -0.030830654585797996, -22.870898810260677], [-0.02271419579862283, 0.9997299773732178, -0.004902820674430811, -20.78560969132778], [0.030711758500097615, 0.005599535925957949, 0.9995125977631509, -27.222081057438928], [0.0, 0.0, 0.0, 1.0]], [[0.9985564466223218, -0.05037836905337679, -0.01862908587456984, 1.6874056483032227], [0.04938563930643217, 0.9975084433820729, -0.050378209691971994, 0.03615428090810524], [0.02112064249248371, 0.04938547674159971, 0.9985564546622833, 1.6085825519192998], [0.0, 0.0, 0.0, 1.0]], [[0.9642221624361794, -0.26505313914944656, -0.004738659507007676, 5.931535392596574], [0.2634488009969277, 0.9600688894334065, -0.09414062245060952, -19.649457342407093], [0.029501707072312814, 0.08952408038696076, 0.995547632366573, -18.538009606530423], [0.0, 0.0, 0.0, 1.0]], [[0.9721838221374214, 0.23370908578880045, 0.015449245743335439, -10.505560446875014], [-0.23332710632012885, 0.9721233557673702, -0.0231223404495024, 11.704794359292068], [-0.020422473663836604, 0.01887443751083892, 0.9996132643068011, -27.78414126752981], [0.0, 0.0, 0.0, 1.0]], [[0.9961666965279051, -0.03173445911789326, -0.08151586859730954, -8.25319240833047], [0.030589463351784984, 0.9994155797134906, -0.015257252629402189, -21.953244311460818], [0.08195240972984806, 0.012705240274876956, 0.9965552565758865, -25.31769402828204], [0.0, 0.0, 0.0, 1.0]], [[0.9973670963196121, -0.06086478012614979, -0.03942529288642479, -2.40365757982412], [0.061503593416143615, 0.997991161258804, 0.015197040705550145, -15.616825138549414], [0.03842112928958012, -0.017581825545144536, 0.9991069493475728, -7.383134424573004], [0.0, 0.0, 0.0, 1.0]], [[0.9997503576998602, 0.009604041862705396, -0.020173860783173316, -22.531371992469627], [-0.009483850784012501, 0.9999367551983327, 0.006045012633163885, -23.459277527844318], [0.020230641445738717, -0.005852177656900713, 0.9997782119867206, -29.73373595763872], [0.0, 0.0, 0.0, 1.0]], [[0.9903133363167046, 0.13353227205606272, -0.03806084908174745, -2.4571780194853425], [-0.13408842708028992, 0.9908912457350942, -0.012443184828967712, 4.3617316173686635], [0.03605259541852252, 0.01742617126909221, 0.9991979478153916, -11.336168364007609], [0.0, 0.0, 0.0, 1.0]], [[0.9771817381200819, 0.21156878248220784, -0.01882819597339661, -25.703659211784757], [-0.2116753875484198, 0.9773324887830509, -0.0038388377608114662, -3.5729358222463166], [0.017589229398773127, 0.007736707834977075, 0.9998153641353156, -25.953457334716624], [0.0, 0.0, 0.0, 1.0]], [[0.9865985901198536, 0.16011172731042736, 0.031423824579229966, -13.661472918724034], [-0.16101692857841693, 0.9865326281394804, 0.028756257186625136, -6.138228364175716], [-0.026396414239208292, -0.033430650515382854, 0.9990923985905549, 3.440097992418809], [0.0, 0.0, 0.0, 1.0]], [[0.9843571603975382, 0.17385665426154978, -0.028545482008137106, -25.76937418910562], [-0.1737944160713621, 0.9847709014771863, 0.004666106109595875, -12.29989120622332], [0.028921993646897667, 0.00036793041692436513, 0.9995816039277123, -14.452090093185848], [0.0, 0.0, 0.0, 1.0]], [[0.9982483851909317, 0.014644061662550983, -0.057321138524318714, 5.919854498840185], [-0.012430228320099313, 0.9991700912174492, 0.0387894088692599, -18.762255136154423], [0.05784160170336688, -0.03800894992682421, 0.9976019591188935, 2.811400621616396], [0.0, 0.0, 0.0, 1.0]], [[0.9997185632706012, -0.0112407173359916, -0.020891159037686537, -13.566076896304514], [0.01211113453805627, 0.9990435365411112, 0.04201586028669519, -37.16073622139627], [0.020398888998341903, -0.04225705111815459, 0.9988985068356212, -13.426337023977219], [0.0, 0.0, 0.0, 1.0]], [[0.9989395145468083, 0.0444537171204342, -0.011988048680425533, -6.418250580895121], [-0.04410109897274273, 0.9986281822170355, 0.028228474122707344, -8.170668840950494], [0.013226463865455004, -0.027669852115188888, 0.999529609335082, -2.106902026224862], [0.0, 0.0, 0.0, 1.0]], [[0.995309960567109, -0.09513447622511766, 0.017536072230507804, -14.08959648373456], [0.09457861607279555, 0.995059500210337, 0.030190667811618496, -33.18911460804505], [-0.020321608638486286, -0.028390534946162622, 0.9993903190184574, 2.440379325145599], [0.0, 0.0, 0.0, 1.0]], [[0.9975399658518203, 0.057935213799732245, -0.0394655233124678, -0.8121236344116665], [-0.05763611777928803, 0.998299960093607, 0.008675690429693511, -4.848835824499778], [0.039901058327814536, -0.006379708385118795, 0.9991832689077813, -16.247507376358087], [0.0, 0.0, 0.0, 1.0]], [[0.986647573623968, 0.16075922878149762, 0.02613495405613865, -32.13139077718715], [-0.1607895536035984, 0.9869882550109198, -0.0009507483666191525, -8.904050750715868], [-0.02594773427284179, -0.0032641740270853412, 0.9996579716353133, -28.886369264757324], [0.0, 0.0, 0.0, 1.0]], [[0.9846680545454736, -0.16940847875350148, -0.04158833591352999, 16.82063116341241], [0.16970695501713037, 0.9854875164978548, 0.0037288397258458334, -16.635093475666597], [0.040353088809232114, -0.010729499210675276, 0.9991278727321354, 3.1303247265431273], [0.0, 0.0, 0.0, 1.0]], [[0.99086675382821, -0.13480792550368392, 0.0031463279131887885, -2.7003043892791396], [0.13479075687813336, 0.9908607116893087, 0.005147998715632365, -30.04815685352426], [-0.003811563742620212, -0.004676884855264925, 0.9999817991993091, -18.323992859467022], [0.0, 0.0, 0.0, 1.0]], [[0.9893293573856579, 0.14421457253176054, -0.020726304165569177, -8.738855419903086], [-0.14350225703641092, 0.9891157213369561, 0.03251448953203868, 4.026326295460347], [0.025189776504327483, -0.02919326760667216, 0.9992563376261909, -3.6499544901480836], [0.0, 0.0, 0.0, 1.0]], [[0.9965661900798608, -0.08205290949228035, -0.011097244413063563, -9.480757018744862], [0.08231559670988274, 0.9962734838925392, 0.025754374985960705, -29.34854834017833], [0.008942668953256553, -0.026579415653343673, 0.999606704327016, -25.80493479327954], [0.0, 0.0, 0.0, 1.0]], [[0.9942740857170226, 0.10683399273593308, -0.002353819805473259, -14.82180554658847], [-0.10660200053467567, 0.9931631160660347, 0.04757140283835401, -11.248367548519461], [0.00741996991793263, -0.04704809116321908, 0.9988650665451837, -13.310336235950832], [0.0, 0.0, 0.0, 1.0]], [[0.9872133743225924, 0.15780976270813635, 0.022490717031750092, -43.11430054601549], [-0.15800596007892628, 0.987411762860756, 0.007219913001888519, -12.076168138275465], [-0.02106822579472134, -0.01068126201437506, 0.9997209813261124, -26.279801657502567], [0.0, 0.0, 0.0, 1.0]], [[0.9935071238516081, 0.1136152696656496, 0.005930038356235623, -8.58016340204208], [-0.1136901851410334, 0.9934123738133422, 0.014366536017297442, -2.040425686646575], [-0.004258715616505694, -0.014947443036869557, 0.9998792113490291, 12.505948390908387], [0.0, 0.0, 0.0, 1.0]], [[0.9435971399959893, -0.3310908972092545, 0.0018042107856608462, 10.823655603126655], [0.3310744122801808, 0.9434601854865341, -0.016510964085873724, -35.218622348459945], [0.0037644288704853294, 0.01617702651549919, 0.9998620569300526, 3.1612881801546755], [0.0, 0.0, 0.0, 1.0]], [[0.9735821248119336, 0.22719529713297715, 0.022806648314420728, -25.702625017563065], [-0.22832670899549384, 0.9696237311660826, 0.08773103167552401, -15.80366602359738], [-0.0021817896247179605, -0.09062073118344906, 0.9958830869503751, -15.811562707889351], [0.0, 0.0, 0.0, 1.0]], [[0.9904821820964169, 0.1353015837642306, -0.025269119106378014, -29.007024897868128], [-0.1326138090066678, 0.987249560021625, 0.08804478347892075, -40.155607422701564], [0.03685952536678245, -0.08385575512746794, 0.9957959568715553, -26.919136543086644], [0.0, 0.0, 0.0, 1.0]], [[0.9898747306682327, 0.1384552716472312, -0.03127547501770564, -10.122309111234639], [-0.13887561261308307, 0.990240918698429, -0.011682771787155617, 4.609011331336239], [0.029352713772879364, 0.015907881329118155, 0.9994425233627918, -14.634628546918862], [0.0, 0.0, 0.0, 1.0]], [[0.9877105147998572, 0.14872067090708058, -0.048063510054433954, -24.46915974974496], [-0.14929461090909116, 0.988755701731914, -0.008560458289984437, -6.538934986705217], [0.046249952511412146, 0.015630877697025106, 0.9988075978661342, -36.87920684194738], [0.0, 0.0, 0.0, 1.0]], [[0.9678299350275037, 0.25159423096712735, -0.002357924663320779, -25.6850323421279], [-0.25118937581727374, 0.9667262991757974, 0.04841652567457706, -3.764955670968375], [0.01446078632670283, -0.04626667727347971, 0.9988244491565499, -36.73302853655108], [0.0, 0.0, 0.0, 1.0]], [[0.9742550641707657, 0.22531978141112072, 0.007620107772350981, -44.50463294326439], [-0.22542798547231688, 0.9740664155294644, 0.019412405916705268, -11.10441360930987], [-0.003048492005946155, -0.02063042031629168, 0.9997825225788177, -26.424392414350034], [0.0, 0.0, 0.0, 1.0]], [[0.9929974329040352, 0.10284191005512026, 0.05813466936530938, -27.637841625068567], [-0.10594380025433821, 0.9929556032307053, 0.053057338798875475, -14.919069122108631], [-0.052268627623730246, -0.058844809023093206, 0.9968978277724203, 5.810818000632621], [0.0, 0.0, 0.0, 1.0]], [[0.983845437801354, 0.17460032375064863, 0.039533295633302816, -49.78485038441904], [-0.17567802441185296, 0.9841138624788514, 0.025634691644438764, -15.442963704629666], [-0.03442943880184089, -0.03216570569917396, 0.998889373815071, -11.533861111824088], [0.0, 0.0, 0.0, 1.0]], [[0.9672569247121429, 0.25245052364297726, 0.026129958070997016, -29.890194417968264], [-0.25351989784122814, 0.9658869538574336, 0.05282095953862254, -7.667489856727613], [-0.011903906710767978, -0.0577159031844274, 0.9982620755716534, -2.272385001480991], [0.0, 0.0, 0.0, 1.0]], [[0.9341982008845638, 0.3520890540411167, 0.057506690814869824, -61.435649975195], [-0.3535658165747897, 0.9352443435402769, 0.01758497158712234, -1.2873026974414874], [-0.04759133128887676, -0.03676024891576927, 0.9981902370218839, -18.359042563297333], [0.0, 0.0, 0.0, 1.0]], [[0.9947615665325942, -0.1022031312627395, -0.0019863810588416726, 2.517191861948059], [0.10209611871367694, 0.9923790479478222, 0.06899425873055483, -32.08035288383816], [-0.005080186337379416, -0.0688356386929558, 0.9976150793530099, 4.5439081920519815], [0.0, 0.0, 0.0, 1.0]], [[0.9921909092196304, -0.12196665072819375, 0.026102409315428815, -9.39624796036189], [0.12056530968897379, 0.9914542317901559, 0.04982481675826382, -45.050711043564164], [-0.03195631019885209, -0.04628868517834024, 0.9984168227062964, -9.248228759689075], [0.0, 0.0, 0.0, 1.0]], [[0.9496296063179382, 0.31187142131045004, -0.03065660408850462, -27.241880815953554], [-0.3100877174051628, 0.9492937562672142, 0.05183600897578855, -0.21015828738103665], [0.04526829264391374, -0.039718772411572976, 0.9981849532021727, -18.99770619871844], [0.0, 0.0, 0.0, 1.0]], [[0.95851006419384, 0.28037892143035054, -0.05144042434385211, -36.76567915681912], [-0.2782380849604618, 0.9594553880562579, 0.04504360562113383, -10.250655600772676], [0.06198406986199675, -0.028862064156448094, 0.9976597397589891, -45.4646429800175], [0.0, 0.0, 0.0, 1.0]], [[0.9998274256258245, -0.01847005900464545, -0.00199396258678732, 0.6000144989443982], [0.018449673858977486, 0.9997817728268831, -0.009798788579804025, -5.186749529598569], [0.0021745116532117374, 0.00976030960058397, 0.9999500026779178, -3.878271505900032], [0.0, 0.0, 0.0, 1.0]], [[0.9983118713729056, -0.03859136619083161, -0.04340638122964167, -5.677789822414736], [0.03774161182714604, 0.9990827576708746, -0.020229040052640018, -19.783679253684628], [0.044147233351783985, 0.018556664039838227, 0.9988526778294651, -36.444141566479026], [0.0, 0.0, 0.0, 1.0]], [[0.9816276693633313, 0.1895809256440571, -0.02159146526421232, -14.914467570540106], [-0.1893008447977725, 0.9818139888649505, 0.01436946164410329, 0.4135295912671247], [0.023922978475991227, -0.010018178528769753, 0.9996636070197836, -24.54950864888097], [0.0, 0.0, 0.0, 1.0]], [[0.9701079338930433, 0.23252436565201304, -0.06944793716085765, -25.131770253069345], [-0.23126351947024687, 0.9725493420676541, 0.025786853356075366, -8.610038588965814], [0.07353761731253079, -0.008955256663096675, 0.9972522360055612, -42.03844821658098], [0.0, 0.0, 0.0, 1.0]], [[0.9426639127362842, -0.33158872995796035, 0.03786372656757182, 21.45489016246573], [0.3312309276572676, 0.9434216752810988, 0.015543975460287634, -22.86999363866261], [-0.04087566743213855, -0.0021111074513336, 0.9991620104053727, 14.864653870570978], [0.0, 0.0, 0.0, 1.0]], [[0.9805042732779706, -0.19577878500016216, 0.016793969974439292, 2.9446083219448966], [0.19628555125015118, 0.9798326002472026, -0.03741734708975177, -22.780754654233256], [-0.009129756517367315, 0.03998428237033786, 0.9991585983762864, -0.6021144996638905], [0.0, 0.0, 0.0, 1.0]], [[0.9781958850335551, 0.20470424050386912, -0.035056874121300576, -15.184526939991278], [-0.20427957992538726, 0.9787924957701322, 0.01533308349895743, 7.897376820835576], [0.037452152527323576, -0.007837355664559597, 0.9992676879231409, 12.389064529273577], [0.0, 0.0, 0.0, 1.0]], [[0.9385990052736413, -0.34379375358540465, -0.0289441236693227, 5.046249163405693], [0.34024711085374243, 0.9362702328980129, -0.0873496110167519, -27.355295506847536], [0.057129772054579954, 0.0721381035566825, 0.9957571406523954, -11.552614159949707], [0.0, 0.0, 0.0, 1.0]], [[0.9186445291062727, 0.3946744838156741, -0.018007802973840217, -20.61314665680388], [-0.3939957843705588, 0.9185419141744575, 0.03237396798282765, 13.055050917509192], [0.029318100916355328, -0.022645170115417588, 0.9993135870331702, -13.726314223437088], [0.0, 0.0, 0.0, 1.0]], [[0.9095567933240973, 0.4151881621252814, -0.018034127342842893, -40.82981214061939], [-0.4148241461388754, 0.9096634794522601, 0.020815425312997817, 9.791666596217798], [0.02504730520713525, -0.01145182002301296, 0.999620672215228, -24.459628817939738], [0.0, 0.0, 0.0, 1.0]], [[0.996002887450433, -0.08930678311657093, -0.0015958319990077112, -0.3772979332977451], [0.08927433583403035, 0.9959008914494255, -0.014543293012010773, -8.425608843733896], [0.002888105225239687, 0.014342694991186329, 0.999892967246294, -22.05148263430795], [0.0, 0.0, 0.0, 1.0]], [[0.9989661464296916, 0.011794401957242682, -0.04390364870810328, -17.345109745893936], [-0.011199125993317585, 0.999842332422518, 0.013780053442836107, -22.278315334842397], [0.044059254015465885, -0.013274124391936771, 0.9989407288509308, -23.982110013820726], [0.0, 0.0, 0.0, 1.0]], [[0.9997120640375965, -0.016591572312618673, 0.01733518808323283, -5.4450594370086005], [0.016066125561846806, 0.999420087025908, 0.030022812302586122, -11.696345306331372], [-0.017823260844101588, -0.02973565834684831, 0.9993988803253484, -12.792465692648582], [0.0, 0.0, 0.0, 1.0]], [[0.9992864807697638, -0.0366163772457534, -0.00926122390265568, -15.055877998541739], [0.03674347559114144, 0.9992273931938142, 0.01394753356615947, -26.10257321400566], [0.00874336046732859, -0.014277871287156994, 0.9998598381969582, -42.86748853887361], [0.0, 0.0, 0.0, 1.0]], [[0.9967590701561596, 0.05804970705391085, -0.05569189862431822, 0.648857739530627], [-0.05886581282460362, 0.9981796082178392, -0.013125769256611452, 0.3236247605249081], [0.0548285704895261, 0.01636157843957025, 0.9983617213260126, -10.539235742139386], [0.0, 0.0, 0.0, 1.0]], [[0.9983891887156128, 0.01991946524044815, -0.053124784802514306, -15.402202359012412], [-0.01969874309200556, 0.9997950298992692, 0.004675222915817443, -18.15066875610177], [0.05320702375038499, -0.0036212005263448126, 0.9985769372113351, -25.50093511237306], [0.0, 0.0, 0.0, 1.0]], [[0.9976954035236549, 0.0061915253696602736, 0.06756883010214196, -22.275204609613915], [-0.0019347873930450157, 0.9980190294869544, -0.06288301344292449, -0.4710760693258934], [-0.06782432001516112, 0.06260736215107746, 0.9957309776335012, -13.701445647006313], [0.0, 0.0, 0.0, 1.0]], [[0.9987624362778469, 0.00948039211742537, 0.04882333505238456, -39.163811006318525], [-0.00758515681726876, 0.9992159436138291, -0.03885824782436204, -16.093142711520592], [-0.049153446231113715, 0.03843982561383386, 0.9980512604723175, -25.202496123628645], [0.0, 0.0, 0.0, 1.0]], [[0.9816404436084843, 0.1845953936660787, 0.048026868619582545, -20.08289477542883], [-0.1816723231759383, 0.981561000692368, -0.05944046527117643, 15.509867183567545], [-0.05811373730878606, 0.04962401190010724, 0.9970758501633382, -5.16484963586292], [0.0, 0.0, 0.0, 1.0]], [[0.9982649057540424, 0.05032637414544895, 0.030568513297877187, -30.969886094164448], [-0.0507646740079097, 0.9986161904815188, 0.0137350639258574, -19.582221038147576], [-0.029834976332165482, -0.015263032907945001, 0.9994382992529901, -25.141456655451762], [0.0, 0.0, 0.0, 1.0]], [[0.9860825889349559, 0.1655793414344373, 0.014986977329412487, -23.57628292083114], [-0.16574592831321985, 0.9861110158097188, 0.01064667771245523, -3.45615452861294], [-0.013015953554131144, -0.012982533992326606, 0.9998310051024689, -26.036452488403768], [0.0, 0.0, 0.0, 1.0]], [[0.9910454601897666, 0.1323091507838179, -0.01797733172972615, -33.28273907908731], [-0.13195079244465094, 0.9910576034485585, 0.01984477311618768, -21.835235814030437], [0.020442216378962402, -0.017294949137515954, 0.9996414359778458, -40.23613268500475], [0.0, 0.0, 0.0, 1.0]], [[0.9871734049777415, 0.1594625117122708, 0.007770190671287687, -12.285486248771413], [-0.1594606188289334, 0.9872039101341464, -0.0008665209432986871, 0.12120215828507123], [-0.007808940219252772, -0.0003836329827816486, 0.9999694361721205, -21.788719367506864], [0.0, 0.0, 0.0, 1.0]], [[0.9801815089698798, 0.1885575403113271, -0.06074753875893982, -18.199432479710396], [-0.1877434146415282, 0.9820363750897618, 0.018893603660898917, -12.932570406663325], [0.06321882419237038, -0.007114210588546785, 0.9979743324732511, -36.89161680287224], [0.0, 0.0, 0.0, 1.0]], [[0.9991214541940331, 0.04127950212575476, 0.007233427503567492, -6.987672181727387], [-0.04143318736528458, 0.9988863305645315, 0.022569660965079934, -8.476358193390086], [-0.0062937074886575085, -0.022849536441145474, 0.999719104514098, -9.474336252321807], [0.0, 0.0, 0.0, 1.0]], [[0.9848587522173995, 0.17306144381104252, -0.01014765228143998, -30.383835541213653], [-0.17256207745010166, 0.9842573239517921, 0.03820797918450638, -16.102649298412], [0.016600229121696314, -0.035878362745474734, 0.9992182821985454, -24.86420569203835], [0.0, 0.0, 0.0, 1.0]], [[0.9801649910274004, 0.19768068723342028, 0.014104476565129588, -18.912562730343453], [-0.19792561029987174, 0.9800362685453592, 0.0188245882587013, -4.515576014797041], [-0.01010164103880883, -0.02124283951379799, 0.9997233110304627, -27.279085118796043], [0.0, 0.0, 0.0, 1.0]], [[0.990157013060377, 0.13981954807112987, 0.006291539123273656, -37.89547382598727], [-0.13995792397888013, 0.9888347657950148, 0.05116234426452481, -28.87992518106128], [0.0009322032378729517, -0.051539304732453876, 0.998670531789549, -21.236385092355178], [0.0, 0.0, 0.0, 1.0]], [[0.9993235618450499, 0.02909105646772398, 0.022497314837908167, -7.955065310889219], [-0.02889627682449695, 0.9995424796545732, -0.00893513019893754, -1.464632782481725], [-0.022746954235816106, 0.00827899749858747, 0.9997069742046492, -10.458019400391626], [0.0, 0.0, 0.0, 1.0]], [[0.9856407367675168, 0.16870102862966596, -0.007231940519823878, -30.183556645932224], [-0.16878474261467316, 0.98556480223903, -0.013180715004917364, -3.5993597539271307], [0.004903945848820606, 0.014212090867812494, 0.9998869775070977, -28.523650218320768], [0.0, 0.0, 0.0, 1.0]], [[0.9991382644507518, -0.02706633140234406, -0.031466525304802394, 5.67835840040261], [0.02829603948715299, 0.9988261565323162, 0.03931466871564174, -18.94124853952277], [0.030365484677191752, -0.040171167910550754, 0.9987313025078483, -10.318858096447958], [0.0, 0.0, 0.0, 1.0]], [[0.9985436471951092, 0.045043949541023524, -0.02969220867557743, -15.125302637223168], [-0.043515210416764996, 0.9977875228375244, 0.050264159518882974, -29.331346813805773], [0.03189061160706977, -0.048898894460925886, 0.9982944891222344, -16.1137236612503], [0.0, 0.0, 0.0, 1.0]], [[0.9925307555102638, -0.12137569185090415, -0.012273581137472497, 13.995014448141625], [0.12174653120859355, 0.9918998571223117, 0.036227828797912094, -20.670207067140467], [0.0077769855920353905, -0.03745150021628267, 0.9992681840360222, 4.5671815467154575], [0.0, 0.0, 0.0, 1.0]], [[0.9979877415246626, 0.06228991627011783, 0.011850489338669768, -19.365118803607768], [-0.06261094196341041, 0.9976170744951497, 0.02898348878574845, -21.451083886352265], [-0.010016871415699522, -0.029667136815015958, 0.999509