[[[0.9683391075833592, 0.24840771373536719, -0.024758442629394663, 2.6313945702871835], [-0.24963001871547028, 0.9643490678989847, -0.08783922243778951, 37.90556960751442], [0.0020558406502235657, 0.09123860476316686, 0.9958269380369726, -1.9691054414227263], [0.0, 0.0, 0.0, 1.0]], [[0.9809101037217167, 0.19317891500409484, -0.022299668483969092, -12.488817974543764], [-0.19445232842412408, 0.9755202930654824, -0.10270564632908112, 27.250189495275567], [0.001913213812098449, 0.10508122865325861, 0.9944618016784924, -21.675690328086528], [0.0, 0.0, 0.0, 1.0]], [[0.8800512432092283, 0.47479484826820967, 0.00892532261945249, -15.048756463668497], [-0.4722187053535772, 0.8769536142959763, -0.08922921431581064, 57.26987545972949], [-0.050192665202053385, 0.07431157669699091, 0.9959711270557615, 9.225440587523615], [0.0, 0.0, 0.0, 1.0]], [[0.9713972418177566, 0.236009800124443, -0.026206351025600025, -20.453798253825525], [-0.23624808876754994, 0.9716719656883676, -0.006358588599962257, 15.416766433709517], [0.02396328739001348, 0.012367915771226676, 0.9996363316311295, -5.580419276729968], [0.0, 0.0, 0.0, 1.0]], [[0.9552961069283266, 0.29381028576204016, 0.032937274750783556, 2.8845439110949562], [-0.29498663210403636, 0.9546797625532296, 0.039616131199566085, 30.830728397417417], [-0.01980492280969756, -0.047561191655926385, 0.9986719672048304, 31.518466906814854], [0.0, 0.0, 0.0, 1.0]], [[0.927844830098165, 0.36985461895017874, 0.04807839536969955, -18.159414920319193], [-0.37076434616733767, 0.9286582420057683, 0.011299078097903406, 29.90450745826444], [-0.040469381898095014, -0.028309546022036454, 0.9987796547451346, 22.281246120988296], [0.0, 0.0, 0.0, 1.0]], [[0.961318421670134, 0.2740397705334768, 0.027732585952307934, -1.7135793434070474], [-0.2744465731994775, 0.9615269634167165, 0.012040642910297222, 24.47915601416351], [-0.02336601413820233, -0.019186005018991488, 0.9995428588083167, 34.90956241323639], [0.0, 0.0, 0.0, 1.0]], [[0.9597637891248293, 0.280585404596162, -0.01119373987353579, -19.150235312247556], [-0.280123043730638, 0.9594434286284751, 0.031613092742018074, 13.261418995817346], [0.01960993258099564, -0.027205477191930116, 0.9994374980732548, -5.037703218026468], [0.0, 0.0, 0.0, 1.0]], [[0.9959516019630901, -0.07859005346313108, 0.04363496354777227, 16.094484798775206], [0.07972780749080824, 0.9965037684314408, -0.024974311094444562, 23.493465257377707], [-0.04151967316660643, 0.028352125116041918, 0.9987353371847527, 30.55312870207809], [0.0, 0.0, 0.0, 1.0]], [[0.9905859747304563, -0.11824614555106189, 0.06897300725374861, 1.7279544059454917], [0.11829725397520727, 0.9929725509628724, 0.003357489569015807, 2.370028631080538], [-0.06888531316059963, 0.0048334352791596456, 0.9976128765879904, 28.98769624753923], [0.0, 0.0, 0.0, 1.0]], [[0.9769277727754805, 0.20578198730505828, -0.05714805754105266, 3.3421603146634835], [-0.2026919956041826, 0.9776689905408625, 0.055491439455123595, 17.90237623345612], [0.06729102241702588, -0.04262767452710085, 0.9968223511069967, 0.4576591207711767], [0.0, 0.0, 0.0, 1.0]], [[0.8808364478041498, 0.47270647962994344, 0.025994929036980415, -31.5728569216191], [-0.47332447185801974, 0.880435835758758, 0.028225581519374248, 34.99351591720666], [-0.009544451796632046, -0.037166157020147465, 0.9992635189039284, 4.627782897232352], [0.0, 0.0, 0.0, 1.0]], [[0.8967082878922363, 0.44253872813264, 0.00858606592812831, -9.510162160974149], [-0.44262198933815056, 0.896545860803295, 0.017067338129284706, 38.64935501150071], [-0.00014484376010428336, -0.019104805134485415, 0.9998174760630368, 9.159619868713632], [0.0, 0.0, 0.0, 1.0]], [[0.9721069509642568, 0.2341855429411243, 0.012853301690438248, -27.28929900238447], [-0.2345341639756545, 0.9709438261377473, 0.04755851567526035, 3.790701636234225], [-0.0013423171069320773, -0.049246502031757004, 0.9987857529132168, -9.49095291005998], [0.0, 0.0, 0.0, 1.0]], [[0.9072216431541145, 0.41681358794775913, 0.0567038190500598, -17.02436869587891], [-0.41660009236300916, 0.9089472707064798, -0.01610037634255264, 43.64098009129068], [-0.05825163719483459, -0.009016206372700033, 0.9982612157079749, 20.422863550486078], [0.0, 0.0, 0.0, 1.0]], [[0.9775095345613011, 0.2108227165752414, -0.005375129541357945, -21.140276110751977], [-0.21087170838570524, 0.9767547667905154, -0.03851296086385862, 25.837760255210185], [-0.0028692236310367326, 0.03878024919778866, 0.9992436438766653, -0.8203388075230839], [0.0, 0.0, 0.0, 1.0]], [[0.968268397909612, 0.2489834235879395, -0.021530545463997044, 1.3827434735470214], [-0.24810012836421294, 0.9680291832412294, 0.03695709267482402, 24.76525819792147], [0.030043899800285732, -0.03044265382227979, 0.999084885739467, 23.04388351757726], [0.0, 0.0, 0.0, 1.0]], [[0.9680569107598176, 0.24561190441481956, 0.050404463491663325, -29.411088099749318], [-0.24686301784861112, 0.9688395113629685, 0.02021513395056385, 16.40435891303646], [-0.04386875823217703, -0.03201239809337093, 0.998524280335475, -3.2011450112566173], [0.0, 0.0, 0.0, 1.0]], [[0.998019399109708, 0.015304115162994323, 0.06101690798275333, 10.36986205974661], [-0.017440235014935322, 0.9992479774591967, 0.03463116726777428, 16.658616992628], [-0.06044102252048525, -0.0356267259621558, 0.9975357733905577, 42.58090256663544], [0.0, 0.0, 0.0, 1.0]], [[0.9964817910548868, -0.08375930031999937, -0.002901672957149826, 2.5320500063126485], [0.08373068601222843, 0.9964488829924194, -0.008876700010854641, 3.556793183466071], [0.003634874959020962, 0.008602510858188066, 0.9999563912946247, 19.136612030475785], [0.0, 0.0, 0.0, 1.0]], [[0.9710854730307865, 0.23870402823333878, 0.0036593679440204696, 1.1346056312276656], [-0.23847935566146952, 0.9692384049548871, 0.06086469653086927, 16.602411808456164], [0.010981848289912792, -0.059977506330972784, 0.9981393178021063, 18.97766648618307], [0.0, 0.0, 0.0, 1.0]], [[0.992910124365599, 0.11578510849969383, -0.026894117981473138, -4.986793855979627], [-0.1140237548435716, 0.9916805866895131, 0.059734389714089564, -2.3970062690692875], [0.03358672749257317, -0.056244312004466265, 0.9978519474869412, -9.827161658718818], [0.0, 0.0, 0.0, 1.0]], [[0.9340860467835711, 0.3569615017084765, 0.007857703371410238, -4.27155273224774], [-0.3565392234413972, 0.931354765597291, 0.07387883828963702, 19.239550336682733], [0.01905359157873366, -0.0718107714570051, 0.9972362677674257, 21.770263645755175], [0.0, 0.0, 0.0, 1.0]], [[0.9060606388856951, 0.4231418870272094, 0.0022499122427801603, -27.533859199823016], [-0.42276729789690465, 0.9050074935939654, 0.047214916792481916, 26.305996564334897], [0.0179424215477586, -0.043730766993316406, 0.9988822200475792, 11.385767989050988], [0.0, 0.0, 0.0, 1.0]], [[0.9804788107763035, 0.19643247418933016, -0.008693946315739687, 0.7379708092333729], [-0.1957696290626103, 0.9793791346747298, 0.04990754352262596, 11.357521416654906], [0.018318131874478807, -0.04723127827650836, 0.9987160018729015, -7.040414569205644], [0.0, 0.0, 0.0, 1.0]], [[0.992283716847767, 0.10512218561537806, -0.06574459194662083, 0.4062375114552479], [-0.1034602660532108, 0.9942337050292313, 0.028201296637667933, -1.255457727517538], [0.06833007117646316, -0.02118173447319441, 0.9974378855335945, -8.990384164483695], [0.0, 0.0, 0.0, 1.0]], [[0.9931455887446744, 0.11675936627031197, 0.005393509539400028, 1.6059929957025274], [-0.11678332140959546, 0.9931478367266475, 0.0043623669865760495, 24.59667657508173], [-0.004847205126628525, -0.004962337487268871, 0.9999759396151116, 10.075814242194424], [0.0, 0.0, 0.0, 1.0]], [[0.9972356633701853, -0.07203732980780918, 0.018211392500007754, -6.653778855337496], [0.07157816675779868, 0.9971286249729433, 0.02471985645512133, -8.317407851089738], [-0.01993985321463457, -0.02334798436118138, 0.999528525796063, 4.962569047407914], [0.0, 0.0, 0.0, 1.0]], [[0.8438413043849146, 0.5358192094085628, -0.028803260974253148, -2.6070405148177276], [-0.5344928861036787, 0.8440713988991811, 0.04313731870372077, 46.01356877619395], [0.04742581278722878, -0.02100591319528941, 0.9986538659076557, 16.18510028848752], [0.0, 0.0, 0.0, 1.0]], [[0.8167358361611147, 0.5759527627116675, 0.034942653805944086, -35.2736055921155], [-0.5770072848908022, 0.814991973581851, 0.053391723891492826, 39.47638150298459], [0.0022731284937501373, -0.0637691000560488, 0.9979620908455855, 3.5478573849804054], [0.0, 0.0, 0.0, 1.0]], [[0.9318054953189001, 0.3608513180166873, 0.039049266050936206, -8.259521484397082], [-0.36115319942428165, 0.9325062123685518, 0.0007283128848054195, 30.773635925388017], [-0.036150870516519815, -0.014781413317838846, 0.9992370211222265, 10.282594157354767], [0.0, 0.0, 0.0, 1.0]], [[0.970461963950197, 0.24094040432883768, -0.012300328767309915, -18.9901408940401], [-0.24067718072929725, 0.9704058990990595, 0.019669409496530996, 6.116426300226661], [0.016675467073659054, -0.01612800531998451, 0.9997308719061715, -0.09245719243346168], [0.0, 0.0, 0.0, 1.0]], [[0.9844973318881107, 0.17347793406341402, 0.025892274876486807, 2.3758675697553056], [-0.17415473524374575, 0.984356948170034, 0.02667445934889839, 21.356111801664795], [-0.020859810578492802, -0.030770196334521212, 0.9993087927763699, 25.00364288336293], [0.0, 0.0, 0.0, 1.0]], [[0.9740337232256279, 0.22596979793435062, 0.013998444225279493, -17.304623257662683], [-0.22633752029159043, 0.973375692095521, 0.03620896223058749, 14.75055197949512], [-0.005443613457383595, -0.03843712344948523, 0.9992461931943768, 18.6225645969081], [0.0, 0.0, 0.0, 1.0]], [[0.9992692858199237, -0.034522661522675455, 0.01640366600272422, 7.31413429822002], [0.033795428887432845, 0.998515552881293, 0.042714864397294904, 3.8775062894922634], [-0.017853946433565058, -0.04212928311229146, 0.9989526315602691, 24.835239904445043], [0.0, 0.0, 0.0, 1.0]], [[0.9930066402448313, 0.11432563312363589, 0.029452708543563973, -14.505723227111952], [-0.11514489193543304, 0.9929594961688664, 0.027804546916798813, 2.2820256438871045], [-0.02606657420624691, -0.031001428659834657, 0.9991793858613172, 20.30086939717655], [0.0, 0.0, 0.0, 1.0]], [[0.915166306428043, 0.403072402865149, -0.0018082110966127767, 5.084666592358917], [-0.4030183450912739, 0.9151013287421205, 0.012875234145375508, 38.15609252619316], [0.006844347941584511, -0.011054238233486965, 0.9999154757869944, 3.6633091286950297], [0.0, 0.0, 0.0, 1.0]], [[0.9630418661819985, 0.26503563415995396, -0.04802579105152879, -11.631621996919785], [-0.2643090507034643, 0.9642091270762988, 0.021011543946099456, 20.953261886311132], [0.051875713941377445, -0.007541345251104207, 0.9986250739966808, -9.062241249020985], [0.0, 0.0, 0.0, 1.0]], [[0.9843042520273868, -0.1762725027855506, -0.008552438396403766, 18.300684860791293], [0.1764793815814246, 0.9832574384243901, 0.04538543444482476, -5.807694303229147], [0.0004090445503315695, -0.04618240514336182, 0.9989329397600869, 14.486648004447314], [0.0, 0.0, 0.0, 1.0]], [[0.9999582110728421, -0.007197758844772411, -0.0056363441707969735, -12.388515965802876], [0.007431277882312666, 0.9990659043484564, 0.0425687077256631, -10.651618857798846], [0.005324679993673509, -0.04260881406481032, 0.9990776430022604, -2.8236337070567172], [0.0, 0.0, 0.0, 1.0]], [[0.9747047789305798, 0.21833517949688228, 0.04775294047440939, -15.224747795454547], [-0.21784895442343297, 0.975863758378632, -0.015223604689648638, 22.034794628487926], [-0.04992421242749234, 0.004435592090556004, 0.9987431594440594, 6.562989079781338], [0.0, 0.0, 0.0, 1.0]], [[0.9793943707070434, 0.1987228640806155, 0.03599847106406865, -28.623219572394216], [-0.1979112857457406, 0.9799038139421395, -0.024892536956201458, 12.721161922779746], [-0.04022175532993554, 0.01725510687435005, 0.9990417767465638, -7.257011601607999], [0.0, 0.0, 0.0, 1.0]], [[0.9987313580661554, -0.04831082960280698, -0.01420345586191606, 15.076527274510843], [0.04836059152396163, 0.9988248768392077, 0.0031809738435747705, 6.794875807237637], [0.014033089566641508, -0.00386382585393309, 0.9998940660124883, 16.513408613388467], [0.0, 0.0, 0.0, 1.0]], [[0.9992299204189908, -0.028512629350791168, -0.02695544670310752, 0.06824169039351845], [0.029176377998170216, 0.9992725104470065, 0.02455990292824752, -12.406991540995705], [0.026235569488150208, -0.02532745215061028, 0.9993348863425074, 6.482820953733447], [0.0, 0.0, 0.0, 1.0]], [[0.9965466708486398, -0.08149811863404388, 0.01589935469151032, 13.050559786536828], [0.08238088510399223, 0.99438611387416, -0.06640516774868237, 18.28488269862772], [-0.010398201285702086, 0.06748565175916374, 0.9976660584667915, 23.979479533085836], [0.0, 0.0, 0.0, 1.0]], [[0.9929795635102052, -0.1157766450080845, -0.024235406366548595, 4.630205055876795], [0.11472598107649964, 0.9925507471636004, -0.04099955574163832, -4.978598336122605], [0.028801661707520132, 0.03793129019225445, 0.9988651968645389, 6.931658372148242], [0.0, 0.0, 0.0, 1.0]], [[0.9578497508297654, 0.2858834337636914, -0.02818718032786322, -6.043506400249293], [-0.28597875463609357, 0.95823572029842, 0.0006754561089853127, 30.88633053167016], [0.02720306475644487, 0.007413949261177292, 0.9996024342828548, 13.624510440885546], [0.0, 0.0, 0.0, 1.0]], [[0.9791695075256156, 0.19727098704586804, -0.048075286811359315, -18.97440956101396], [-0.19697454689953342, 0.980348289454102, 0.010874706347426726, 9.830253915847642], [0.04927578924552216, -0.0011785730219629038, 0.998784515078135, -11.76125008759182], [0.0, 0.0, 0.0, 1.0]], [[0.9830624564173296, 0.17779426465355097, -0.04446803614990156, 15.009384160211944], [-0.17572942172766204, 0.9833294670870336, 0.04671540963743264, 16.61682678294022], [0.05203246219416636, -0.038109823072729365, 0.997917964696185, 18.77815149484196], [0.0, 0.0, 0.0, 1.0]], [[0.9961547790935825, 0.07153459530770931, -0.05058119970085474, 5.1936318323500466], [-0.07171807300527772, 0.9974232840621987, -0.0018194545850721406, 5.599053646082334], [0.05032071237000857, 0.0054400445531037735, 0.998718294526457, -7.633335451218873], [0.0, 0.0, 0.0, 1.0]], [[0.9053102340405409, 0.4241702840669864, -0.02220248310420583, -1.4486613283193526], [-0.4241842787916847, 0.9055656417831843, 0.004308833692565095, 44.21190844597348], [0.021933485072813206, 0.005517113044284234, 0.9997442091336257, -0.28472549073536013], [0.0, 0.0, 0.0, 1.0]], [[0.9661401043906968, 0.2516804776463082, 0.0568351639362628, -24.05873784196166], [-0.2513860427028823, 0.9678076073099555, -0.012389219796455825, 22.99931259983426], [-0.058123628776260594, -0.0023178448408395402, 0.9983067020576255, -0.8191283243582991], [0.0, 0.0, 0.0, 1.0]], [[0.9208146500014648, 0.38995862096465295, -0.0057143921835110184, -10.476955762289094], [-0.38989553899070356, 0.9208079332086706, 0.009706637683731567, 33.63973468631312], [0.00904704470139407, -0.006709998161042021, 0.9999365614412001, 2.6941735616614406], [0.0, 0.0, 0.0, 1.0]], [[0.8994274580695983, 0.43256613739401145, 0.06258421886133698, -40.88636961698013], [-0.43397195055326754, 0.9008681161052661, 0.01024614649225066, 27.595795473038056], [-0.05194799133220625, -0.03637546102764079, 0.9979870901126796, -8.219030936312844], [0.0, 0.0, 0.0, 1.0]], [[0.953969920418195, 0.2998530346988463, -0.005435854964571764, -3.154297860214423], [-0.29943176729227955, 0.9533316436832412, 0.0387220078047628, 22.338167601511707], [0.016793084098089432, -0.03531196304515606, 0.9992352363644763, 7.466606696443418], [0.0, 0.0, 0.0, 1.0]], [[0.9187559465275147, 0.39476620817983704, -0.006866702239638497, -26.66819673449349], [-0.3936311196650802, 0.9171891014916946, 0.0617955802309419, 17.424329743424963], [0.030692871347426796, -0.05407210911530027, 0.9980652056174876, -1.8965327506335055], [0.0, 0.0, 0.0, 1.0]], [[0.9826461196012262, 0.18136101600669452, -0.03892024544721303, 19.306402555164738], [-0.18105532355771634, 0.9834083388189065, 0.01126982488106321, 26.663348263336708], [0.040318400812315025, -0.004027532055571243, 0.9991787655577351, 22.764352397493855], [0.0, 0.0, 0.0, 1.0]], [[0.9923306320918568, 0.12298660370276315, -0.012418209284429944, -7.038965058279112], [-0.12250731439454356, 0.9918879473503277, 0.03391545106563331, 6.750266623797793], [0.016488618256509543, -0.032134019524615476, 0.9993475522845789, 9.086750337987505], [0.0, 0.0, 0.0, 1.0]], [[0.9224724570794538, 0.382643673284323, 0.05126777960155772, -14.9949929160332], [-0.38261734787956736, 0.9238447555394155, -0.010716005035531885, 36.274467620702985], [-0.051463880842779, -0.009730722367619318, 0.9986274490573565, 19.579619674245105], [0.0, 0.0, 0.0, 1.0]], [[0.9852801668031206, 0.17093745762037704, 0.0018380660212321748, -16.321729390276555], [-0.17088045831752133, 0.9851384938769361, -0.017378631910337478, 12.862993621942737], [-0.004781408747476479, 0.01680873178330132, 0.9998472906730438, -0.3785671756217401], [0.0, 0.0, 0.0, 1.0]], [[0.9405070292540029, 0.3392023128549833, 0.0197058082208896, 8.219873620621513], [-0.3397132935567029, 0.9376571855116561, 0.07344304350458689, 30.169046218739048], [0.00643475754523328, -0.0757680236787868, 0.9971047088862554, 48.55291190521026], [0.0, 0.0, 0.0, 1.0]], [[0.9580541462621327, 0.2858265329501771, 0.020867340310039072, -10.95449811509929], [-0.2865510461453988, 0.9565477349324647, 0.05389739092520844, 18.83943214910992], [-0.004555302724420155, -0.057616177044720746, 0.998328415582686, 31.3033643468998], [0.0, 0.0, 0.0, 1.0]], [[0.9993224479047822, -0.03678500993868848, 0.0012280706008771423, 12.559935170660422], [0.03680543851761119, 0.9988271039727097, -0.03146070668329661, 20.959275254724854], [-6.934779372491134e-05, 0.031484590092562215, 0.9995042349973223, 5.786185438080894], [0.0, 0.0, 0.0, 1.0]], [[0.9999742634585757, 0.0019249021628873512, -0.006911379901528574, -0.9895294915146832], [-0.002235784129384622, 0.9989727873530999, -0.04525893720919479, 10.213532702792774], [0.006817161418562226, 0.0452732247541784, 0.998951380914282, -7.162250154901199], [0.0, 0.0, 0.0, 1.0]], [[0.9015588255335728, 0.4301844480043797, 0.04618468141811006, -19.720865229761834], [-0.4281278447958782, 0.9024290860164498, -0.04825239084181878, 38.22581673186695], [-0.062435827959285366, 0.023729420698417304, 0.9977668475051457, 33.55227068643471], [0.0, 0.0, 0.0, 1.0]], [[0.9238628676429151, 0.37978549914317533, 0.047332614877906326, -36.115186662189274], [-0.37992733930881356, 0.9249947857648897, -0.0063137273852410525, 17.39490142195055], [-0.046180284065138605, -0.012149936145447288, 0.9988592295290296, 17.843743747747002], [0.0, 0.0, 0.0, 1.0]], [[0.9939448963357272, 0.10919589429713136, 0.01223926945566239, 11.308028088614318], [-0.10911794532435631, 0.9940050882030042, -0.006867214480856194, 27.719079316791184], [-0.012915767741383359, 0.005490108850016795, 0.9999015159746805, 26.203977408429274], [0.0, 0.0, 0.0, 1.0]], [[0.9939777226187688, -0.10712900049391495, 0.023057844452110832, 0.30411372968287015], [0.10738719989212736, 0.9941642959442925, -0.010263623576176427, -3.9614100487805786], [-0.02182375396056426, 0.012677930539324584, 0.9996814461818859, 7.450651836356922], [0.0, 0.0, 0.0, 1.0]], [[0.9004502549552043, 0.43269895305494244, 0.04428266451177033, -11.340687309117483], [-0.4339177228524268, 0.9006674956341643, 0.02265992282968213, 38.40458145213576], [-0.03007903166111486, -0.03961916623603796, 0.9987620204638797, 20.693484317280877], [0.0, 0.0, 0.0, 1.0]], [[0.9406802247625031, 0.33928398918263164, 0.0026625974323453566, -18.93467649978344], [-0.3392942924477916, 0.9406580948165096, 0.006460013043578057, 28.545339257807008], [-0.0003128148323763183, -0.006980210633682636, 0.999975589105248, 0.29815438237865627], [0.0, 0.0, 0.0, 1.0]], [[0.981825869842759, 0.18967818400575176, 0.006336230724215305, 9.966042476251047], [-0.18975286911113132, 0.9817221819033358, 0.014676723852777494, 28.577181362362477], [-0.003436563924070866, -0.015612305122465173, 0.9998722148140529, 31.213414803087094], [0.0, 0.0, 0.0, 1.0]], [[0.9776331578927466, 0.21023257522804537, -0.005972679603033316, -4.398252601690043], [-0.2102861323103317, 0.9775832459214725, -0.010523300413898243, 21.814690709591197], [0.0036264509672700976, 0.011543899108344047, 0.9999267909435964, 18.49629317749466], [0.0, 0.0, 0.0, 1.0]], [[0.9021745387370592, 0.43090352593084497, 0.020081160199214063, -13.084761363220759], [-0.43074032853637834, 0.9023952273985809, -0.012067433059359466, 53.95991832752564], [-0.02332104257860943, 0.002237165312466856, 0.9997255243637698, 34.02851701008092], [0.0, 0.0, 0.0, 1.0]], [[0.968088578745755, 0.24349766132080908, -0.05927387817004154, -4.200344897308225], [-0.24235499993997472, 0.9698427073706939, 0.02586845499782204, 16.174915996622737], [0.0637852467747462, -0.010677635092847587, 0.9979065238802218, -2.3244211844535942], [0.0, 0.0, 0.0, 1.0]], [[0.9965073566148586, 0.07910051714500546, -0.02676184597259854, 11.835606764200152], [-0.07872604287532753, 0.9967868647844603, 0.014770117344058548, 17.641969908639144], [0.027844180463078586, -0.012611676357957369, 0.9995327144389937, 5.380635363505869], [0.0, 0.0, 0.0, 1.0]], [[0.9903348277437714, 0.13779497251836131, -0.015794761991772033, -6.556574373384217], [-0.13769843433385978, 0.9904491097917838, 0.007049971252652453, 8.337509760699954], [0.01661535854913823, -0.004806918069151142, 0.9998504005094752, -11.554189354857517], [0.0, 0.0, 0.0, 1.0]], [[0.9708707527784033, 0.23872120496468244, -0.020546719925714024, 10.547553670453233], [-0.23796118993065704, 0.9706871176802067, 0.033778568005088536, 27.863486634470867], [0.028008096798630065, -0.027905301824181956, 0.9992181146495582, 26.894259697106754], [0.0, 0.0, 0.0, 1.0]], [[0.9589551492797522, 0.2835251300273897, 0.004303755662313465, -13.154559837882113], [-0.2835531444006298, 0.9589158748400051, 0.008829455268828237, 23.810567132689734], [-0.0016235671728593924, -0.00968739504615907, 0.9999517580397846, 14.349886380248892], [0.0, 0.0, 0.0, 1.0]], [[0.9537852238206775, 0.3004586766614373, -0.004281406334071228, -0.7416913162996794], [-0.3004659532749052, 0.9537918393376594, -0.0011567780633653523, 27.939622772513577], [0.0037360064162159767, 0.0023897346596017037, 0.9999901656638017, 28.32342460047319], [0.0, 0.0, 0.0, 1.0]], [[0.9616814674898849, 0.27223404879300495, -0.03251734559079417, -17.728719053820317], [-0.2721397674849185, 0.9622294632156, 0.007376115039281969, 14.107890821949745], [0.033297177654532745, 0.0017557897329545807, 0.9994439529871889, 9.23647807978612], [0.0, 0.0, 0.0, 1.0]], [[0.9847226664397569, 0.16227848256738742, -0.06314241280946771, 20.341983922590018], [-0.15970160831943292, 0.9861865254809411, 0.04394921227979236, 14.051873805290324], [0.06940220817784884, -0.03319384062524244, 0.9970363596402001, 21.820721844772276], [0.0, 0.0, 0.0, 1.0]], [[0.9842589149947675, 0.17587112198111887, -0.017428043677493624, -8.625948702386587], [-0.17487358563126296, 0.9834243382964583, 0.047914506098262914, 3.750326757386], [0.02556594026801359, -0.04411257529636482, 0.9986993859009503, 5.302623212566683], [0.0, 0.0, 0.0, 1.0]], [[0.9980758107899157, 0.06026317264775133, 0.014595408129997866, 7.97447899023073], [-0.0609718630301268, 0.9966612385051163, 0.05430292423142555, 10.5149357372852], [-0.011274211045095156, -0.055088344355914344, 0.9984178316123142, 35.65363953667878], [0.0, 0.0, 0.0, 1.0]], [[0.9961654333333246, 0.07740815364342143, 0.04077262784447243, -13.888571771018864], [-0.07998863696691434, 0.9946081433941886, 0.06600347756092748, -1.01896111095708], [-0.03544358034965662, -0.06901172975282645, 0.9969860248611904, 31.215031238856984], [0.0, 0.0, 0.0, 1.0]], [[0.9516449654867656, 0.307053870694705, -0.009475239052090342, 0.8742178951528348], [-0.30672288909287354, 0.9514332135373046, 0.02638009637208834, 30.040882223711936], [0.017115167840713538, -0.022198213204650766, 0.9996070779862992, 19.329790353937614], [0.0, 0.0, 0.0, 1.0]], [[0.911769300373981, 0.40906366728310994, 0.036655954556327246, -26.28015390214312], [-0.40970781591561634, 0.9121392689239394, 0.011893681707331644, 32.418741116153335], [-0.028570062534018358, -0.025862524930739487, 0.9992571647634094, 5.466587509254234], [0.0, 0.0, 0.0, 1.0]], [[0.9958362809058325, 0.08424380138143747, -0.034829349124590514, 13.985970204972345], [-0.08304897669405226, 0.9959502478814899, 0.034437932790268876, 18.576705493100004], [0.037589481264157704, -0.03140200110822929, 0.9987997523150929, 32.01950331052903], [0.0, 0.0, 0.0, 1.0]], [[0.9691476244048164, 0.2461484131357527, -0.01280003208017345, -10.248300717958005], [-0.24563169001589294, 0.9688123446841296, 0.032675887862121104, 19.136590404370327], [0.020443947036687844, -0.028523665584782164, 0.9993840330579494, 17.301575811157054], [0.0, 0.0, 0.0, 1.0]], [[0.9989781637338814, -0.03909286871907237, -0.022679858866308678, 19.37988895660984], [0.03910700352509303, 0.9992350123580929, 0.0001798694180751301, 20.812044144403764], [0.022655477443008373, -0.001066626941613922, 0.9997427627388934, 24.078080839223155], [0.0, 0.0, 0.0, 1.0]], [[0.9785654201148517, -0.20579094464249775, -0.007733411833770441, 15.399745997520988], [0.2059280440892988, 0.9781706813849229, 0.027852445790441965, -18.071681299328656], [0.001832815593050449, -0.028847966689215406, 0.999582130494988, -1.2737674025435224], [0.0, 0.0, 0.0, 1.0]], [[0.9639685900808692, 0.26581956551079483, 0.010223303240648143, -6.292898726581969], [-0.26600806218568723, 0.962928941165344, 0.04480586031315975, 21.355926965019712], [0.002065959756051925, -0.04591092307761849, 0.9989434012757896, 3.050773253283078], [0.0, 0.0, 0.0, 1.0]], [[0.9426163260791732, 0.3330274175145082, 0.023815981873860928, -29.323140386695975], [-0.3334527272131267, 0.9426165928046472, 0.016829666766837684, 22.860580006807616], [-0.016844599227246345, -0.023805422763990648, 0.9995746902177439, -9.593479362627713], [0.0, 0.0, 0.0, 1.0]], [[0.9949341500329958, 0.09399151951030847, 0.03565994052521523, 7.962870431663956], [-0.09451361196689208, 0.9954354509328206, 0.013245383314348016, 20.12862861413854], [-0.03425221527274313, -0.016548633971284726, 0.9992762022897342, 46.12786373069118], [0.0, 0.0, 0.0, 1.0]], [[0.9940302215960095, -0.10890762436571821, 0.0065610905194490475, 2.190997040154655], [0.10879241531483182, 0.9939371632066822, 0.01590993295458488, -6.589196259657341], [-0.008254024700345123, -0.015101157295713558, 0.9998519020957938, 31.41263386401292], [0.0, 0.0, 0.0, 1.0]], [[0.9190158364982633, 0.3930602631301329, 0.030224523378606417, -8.959440673184787], [-0.3942156071378563, 0.9159127673683589, 0.075484155029812, 20.806526205118715], [0.0019867949880845903, -0.08128611271123704, 0.9966888283340843, -0.13084981850611718], [0.0, 0.0, 0.0, 1.0]], [[0.9314777330229715, 0.36294014028492605, 0.024973735250096957, -31.434106850219678], [-0.3634789155175858, 0.9255883884638493, 0.10568449798836417, 0.9214236338588179], [0.015241747161778842, -0.10752018280700087, 0.9940860623872589, -16.666385868226648], [0.0, 0.0, 0.0, 1.0]], [[0.9460018823435472, 0.3241237709863428, -0.004921349820713603, -9.616892897127917], [-0.3239379605702015, 0.9458049014398161, 0.022743924772078084, 33.32831636979079], [0.01202648344628655, -0.019921583622091406, 0.9997292104374585, 1.3381478947197656], [0.0, 0.0, 0.0, 1.0]], [[0.9737093713851873, 0.22708701921949875, -0.017931697595732654, -18.024484939695114], [-0.22706727296407864, 0.9738739597583335, 0.0031565888676290043, 17.676201671857516], [0.018180033699596504, 0.000998101510659026, 0.9998342313444037, -14.89213655203082], [0.0, 0.0, 0.0, 1.0]], [[0.9029413526030265, 0.4297490782012645, 0.003555776227246241, -20.095897097496426], [-0.42963524631825334, 0.9024380404936785, 0.031923943850693824, 31.658394630861547], [0.010510417711434518, -0.030353135836214115, 0.9994839759918304, 10.728768628050931], [0.0, 0.0, 0.0, 1.0]], [[0.9492048611161071, 0.3141106651107945, 0.01856398925893263, -33.86370342068714], [-0.31414172605334295, 0.9493752160124372, -0.0012942849620478161, 18.909300362598074], [-0.018030740023023486, -0.004603182050591548, 0.9998268365718291, -4.487500649097439], [0.0, 0.0, 0.0, 1.0]], [[0.9681644652645063, 0.22952523941928474, 0.09987858964069446, -11.51117206445135], [-0.23445233639608506, 0.9712793405764591, 0.04060227244599368, 13.471291890088379], [-0.08769076437978665, -0.06272644608840584, 0.9941708720353912, 33.11687124832343], [0.0, 0.0, 0.0, 1.0]], [[0.9702392819481874, 0.23046571516278358, 0.07430538270656391, -29.41843874180082], [-0.23293786420104662, 0.972133046505629, 0.026406274124461664, 4.015796395149883], [-0.06614897721142025, -0.04292894159175312, 0.9968858604613117, 20.626108944683672], [0.0, 0.0, 0.0, 1.0]], [[0.9300130738347794, 0.36555029596346983, 0.038061313921115704, -12.67416617504626], [-0.3658250893601147, 0.9306835813038269, 0.00027474741806295165, 25.88742708760285], [-0.03532260594924512, -0.014179302257156468, 0.9992753679023874, 19.005677574081385], [0.0, 0.0, 0.0, 1.0]], [[0.8814969254285158, 0.4608149313908105, 0.10301829676010218, -52.63945636415427], [-0.4623534200559357, 0.8866410607658226, -0.009846031009167184, 35.73084310895498], [-0.09587745002162669, -0.03895161577311594, 0.994630728565135, 14.568615167111442], [0.0, 0.0, 0.0, 1.0]], [[0.9829062362211507, 0.18090575024226685, 0.03418245641924059, -1.245615807660819], [-0.1834748609350417, 0.9778716235211351, 0.10051896993605905, 6.025195786022636], [-0.015241594484760607, -0.10507234384661707, 0.9943477743506739, 48.554734927153454], [0.0, 0.0, 0.0, 1.0]], [[0.9706857180394378, 0.23055264071270617, 0.06793170581296512, -24.071017985359966], [-0.2356141499447746, 0.9685965141722667, 0.0794151438904052, 1.7893154284112507], [-0.0474890423157016, -0.09309281708988357, 0.994524267308852, 31.807756268527633], [0.0, 0.0, 0.0, 1.0]], [[0.9536354716038347, 0.2963841438055352, -0.05230512976364179, 1.339356935721219], [-0.29673351786022045, 0.9549596506947572, 0.0011335445484944276, 22.14356816147852], [0.0502852530791023, 0.014439696866813338, 0.9986305064823335, 3.8094613692773067], [0.0, 0.0, 0.0, 1.0]], [[0.9629039783849159, 0.26635842021605616, -0.04323332499943692, -18.65158516879767], [-0.2655675041162361, 0.9638127390820561, 0.023214321885796353, 8.16844301108473], [0.047852159491219765, -0.010871796684594811, 0.9987952617372966, -21.25577379687329], [0.0, 0.0, 0.0, 1.0]], [[0.972558913047272, 0.2309214492883178, 0.028362738071181483, 1.1379590912245259], [-0.23144571774438166, 0.9727026273669004, 0.016807095267258283, 22.052413541505004], [-0.02370739104371528, -0.022910324574687127, 0.9994563905632832, 27.033314946464614], [0.0, 0.0, 0.0, 1.0]], [[0.9670776733906311, 0.2544089473937211, -0.0060713355516450376, -13.521079454179558], [-0.254422304278787, 0.9670920122848294, -0.0015267155430248648, 19.30328803583415], [0.005483130021626247, 0.003021135696377048, 0.9999804038201288, 7.7373857692286725], [0.0, 0.0, 0.0, 1.0]], [[0.9720095742670367, 0.23493074598042973, 0.0022208390959587176, -5.781077139785019], [-0.23488154399760827, 0.9715060867302577, 0.03172670382123329, 15.422230595423226], [0.005296019496850084, -0.03136029399000245, 0.9994941141089065, 14.50956494394389], [0.0, 0.0, 0.0, 1.0]], [[0.9777215185345202, 0.2077453426887504, -0.03004171742240227, -17.139278761345984], [-0.20584590707440767, 0.9769521408767587, 0.056497583815882324, -1.3632900936438022], [0.04108643006234738, -0.04905493886910836, 0.9979506592198244, -0.006587216982536108], [0.0, 0.0, 0.0, 1.0]], [[0.9973090532385894, 0.06272889708677017, 0.037943876958336495, 12.240278936942072], [-0.06378437866379329, 0.9975908806036174, 0.02727614296375421, 15.473552146693072], [-0.03614146326348474, -0.02962297093106499, 0.998907540379186, 48.18126228402812], [0.0, 0.0, 0.0, 1.0]], [[0.9881217755826107, 0.14873705485712768, 0.038634765844978006, -5.543249924381569], [-0.14940236015614072, 0.9886637711941157, 0.0149292433835043, 12.38501971493875], [-0.03597626160738986, -0.02052403568153278, 0.9991418680848577, 39.215518757345905], [0.0, 0.0, 0.0, 1.0]], [[0.9970684806748809, 0.07644210805648904, 0.003323997678249603, 15.789331111527892], [-0.07649662088851379, 0.9968314189191776, 0.021803422855556455, 22.246510325018242], [-0.0016467657161678333, -0.021993780290329012, 0.9997567513106461, 50.23998183702532], [0.0, 0.0, 0.0, 1.0]], [[0.9982185278278685, -0.058518110510249, -0.011636212591520647, 1.3787822761378818], [0.05841098241156374, 0.9982489015513678, -0.009342787871211703, 3.689806067204015], [0.012162558730825026, 0.008646461345588474, 0.9998886492361639, 30.372902361189883], [0.0, 0.0, 0.0, 1.0]], [[0.8150049019722374, 0.5793991008290631, 0.007980709222783098, -13.010065926958555], [-0.5792280408210138, 0.8142250846839161, 0.03914573026681436, 42.899811122438706], [0.01618290727513099, -0.03652661262621155, 0.9992016413528253, 20.245972172233994], [0.0, 0.0, 0.0, 1.0]], [[0.8454568560478017, 0.5339505648990238, 0.009974908810663353, -32.71657460259882], [-0.5340216726120126, 0.8454442085407514, 0.006703985797571136, 38.57221692790069], [-0.004853631881009299, -0.010994748242626346, 0.9999277762761904, 1.1147766658547444], [0.0, 0.0, 0.0, 1.0]], [[0.9900303889592283, 0.14079082556800593, -0.004215729250649968, 4.076372681720504], [-0.14084507184438538, 0.9898602562710447, -0.018421150674466074, 26.98037138057903], [0.0015794538250470064, 0.018831263656502475, 0.9998214284734607, 7.69946563511162], [0.0, 0.0, 0.0, 1.0]], [[0.9776015063050119, 0.20632924274126227, -0.041515520712027985, -13.129158391732505], [-0.20519041049328438, 0.978259501796499, 0.030087249566302116, 8.305561609919934], [0.04682083202775322, -0.020894753759848266, 0.9986847445282963, -7.324541434633543], [0.0, 0.0, 0.0, 1.0]], [[0.9723463985543211, 0.2335432976960181, -9.653864069289818e-05, 1.7401598490200394], [-0.23347346642265845, 0.9720656025415774, 0.024054206120048164, 22.292317131742884], [0.005711540512669478, -0.02336648147982585, 0.9997106510627083, 4.4213200158242225], [0.0, 0.0, 0.0, 1.0]], [[0.9931355663182885, 0.11380052007108668, -0.027040498242516253, -2.4996046073813534], [-0.11375799234581448, 0.9935036192434908, 0.003110904616833458, 7.59846862788685], [0.027218855433374357, -1.3477226301903405e-05, 0.9996294982278506, -12.196374602113327], [0.0, 0.0, 0.0, 1.0]], [[0.9868814114124714, 0.15911051376204582, -0.027366479841407793, 8.181316782463213], [-0.15922110867188413, 0.9872411258492998, -0.0018968355508568579, 24.633344534027394], [0.02671550789014459, 0.006229273006442678, 0.9996236680851387, 18.70528021307351], [0.0, 0.0, 0.0, 1.0]], [[0.9999098491297063, -0.002145218268635532, -0.013254872763861256, 0.015839753674050234], [0.0021601973014791606, 0.9999970441936535, 0.0011158635990075592, -2.8794035584563455], [0.013252439814046361, -0.0011443961433089242, 0.9999115276845458, 6.596397076843281], [0.0, 0.0, 0.0, 1.0]], [[0.955527815529983, 0.28795054120921515, 0.06364809161177552, -14.116468069399188], [-0.282956113709479, 0.9560202953867346, -0.07720772320883088, 38.27278966398554], [-0.08308087302700559, 0.055764510452284755, 0.9949813505343135, 8.09907372972886], [0.0, 0.0, 0.0, 1.0]], [[0.9848334883139522, 0.1563221155256092, 0.07527547072566995, -35.34285067888929], [-0.15270494016661396, 0.9869207763259458, -0.05165832464283249, 15.744717048123853], [-0.08236626459955534, 0.039379911805278126, 0.9958237901366502, 0.9704858539994927], [0.0, 0.0, 0.0, 1.0]], [[0.9455450097425958, 0.32476284113634896, 0.021765375437133926, 6.143414744764902], [-0.32160313706330873, 0.9424636666957223, -0.09128887768775004, 45.94958719415798], [-0.050160310823512695, 0.07931792972271137, 0.9955865654188936, 31.203479786613094], [0.0, 0.0, 0.0, 1.0]], [[0.9801514961481566, 0.1936504704245304, 0.04245632936193624, -19.97323514419248], [-0.19345888413419382, 0.9810705592382258, -0.008614983781066763, 15.755130805639924], [-0.04332095045222042, 0.000230435139510692, 0.9990611803846471, 6.86006223157874], [0.0, 0.0, 0.0, 1.0]], [[0.9390984275246334, 0.3407842655414377, 0.04427445968206834, -17.49570525416767], [-0.34191937938979455, 0.9394938833182481, 0.021032860131092526, 23.72075669130014], [-0.03442791626651344, -0.03489022165276587, 0.9987979730729141, -1.002637235252217], [0.0, 0.0, 0.0, 1.0]], [[0.9900303077662725, 0.14082667433352525, 0.00279955360341399, -18.195586865904687], [-0.14085357704479087, 0.9897563790117431, 0.023293347532013356, -1.8932834225030533], [0.0005094486296641572, -0.023455447165195428, 0.999724753349827, -11.598809907618687], [0.0, 0.0, 0.0, 1.0]], [[0.9562922458212598, 0.290550872076327, 0.03294436701191705, -4.72787112854074], [-0.29117628789285377, 0.9565354522966011, 0.016009305689884085, 19.786035615806046], [-0.02686093727083697, -0.02490219338572814, 0.9993289602595883, 11.373083938084447], [0.0, 0.0, 0.0, 1.0]], [[0.9673855534701583, 0.25177332066478386, -0.027845752614446665, -14.153001576752619], [-0.2507961323181574, 0.9674302175198957, 0.0343522087158844, 6.047199116188505], [0.03558779216936732, -0.026248223384346767, 0.9990217914628672, -8.21968134137764], [0.0, 0.0, 0.0, 1.0]], [[0.9925977580989609, 0.11924234111218297, 0.02304245436143074, 8.276161255168509], [-0.11964419527341806, 0.9926725869726013, 0.01692340422302724, 19.175869557465983], [-0.020855626442018025, -0.01955502900037721, 0.9995912383001873, 24.336484100969926], [0.0, 0.0, 0.0, 1.0]], [[0.9767651383068774, 0.21328130448406513, 0.02099880344029217, -9.648548792965931], [-0.21402892896990502, 0.9758178609058678, 0.04439729610116639, 5.7468652782252585], [-0.01102189422666659, -0.04786008247668245, 0.9987932370380691, 5.989852327904569], [0.0, 0.0, 0.0, 1.0]], [[0.9136738761033394, 0.4017989885826677, 0.061299436377851894, -23.168027091974448], [-0.40435405561729487, 0.9138590912574547, 0.036869486461615614, 30.13617396294331], [-0.04120492485301842, -0.05847336231176281, 0.9974382286978044, 4.485448418828537], [0.0, 0.0, 0.0, 1.0]], [[0.9521960752568306, 0.30028578639360937, 0.056134488110796785, -45.22585708112876], [-0.30260941783070006, 0.952328332608378, 0.038707714366908424, 9.863033998706928], [-0.04183508701621363, -0.053844158469765216, 0.9976726076689839, -5.565654081020375], [0.0, 0.0, 0.0, 1.0]], [[0.9447995663791378, 0.3267811496797153, 0.02382980452698431, 2.4188095554576154], [-0.32693508523264175, 0.9450427426578687, 0.0027685002468995907, 38.425126709765884], [-0.021615490133611786, -0.010406477006898106, 0.9997121964958658, 16.590797133441765], [0.0, 0.0, 0.0, 1.0]], [[0.9219893772031929, 0.3870554193753326, 0.01112163012561484, -19.198377277004482], [-0.38707550032514076, 0.9220479474729281, -0.0003736428797967832, 33.087837656706476], [-0.010399296731412593, -0.003960415779263273, 0.9999380829503127, 1.2158101546006879], [0.0, 0.0, 0.0, 1.0]], [[0.9910822620323495, 0.13324119944517288, -0.0016530744855530201, 7.727691671355493], [-0.13305377283548475, 0.990211313495147, 0.04216927981904593, 16.322273111384646], [0.007255578480473574, -0.041573277434254256, 0.9991091127520992, 25.947014836038946], [0.0, 0.0, 0.0, 1.0]], [[0.9980843821144152, 0.06126826958300076, -0.008588674030029957, -1.3166536826332822], [-0.060793560396949026, 0.9970170420802725, 0.04755166470026943, -3.2758747594993056], [0.011476462588788679, -0.04693843780750583, 0.9988318546495397, 17.282180250918056], [0.0, 0.0, 0.0, 1.0]], [[0.9651674312498675, 0.26112728542874203, 0.016259472904989136, 7.661922336500158], [-0.2614984103839448, 0.9647994170097963, 0.027940406300346516, 27.689049731850425], [-0.00839112752863448, -0.03121899649531853, 0.9994773450342043, 49.72262392529292], [0.0, 0.0, 0.0, 1.0]], [[0.9857469991391484, 0.16102593912408425, 0.04871858595412061, -15.194425938968466], [-0.16223402456919744, 0.9865086716960294, 0.021926284240952172, 13.098453667091334], [-0.0445306070051075, -0.029517581163448017, 0.9985718489132444, 15.446004530839454], [0.0, 0.0, 0.0, 1.0]], [[0.9742933391998844, 0.2220635493634496, 0.037950879236783634, 2.535796072703393], [-0.22430021387672258, 0.971898444324486, 0.07143408132327043, 22.763613126818893], [-0.021021494846813742, -0.07811013995474554, 0.996723082300