[[[0.9877832948712119, 0.15507328124246675, 0.015376599691371666, 10.540475161687741], [-0.15461594507639256, 0.9875929729583716, -0.027459593794916356, 15.049234946489344], [-0.019444071114555494, 0.024746660541224763, 0.9995046427558761, 12.039970994985167], [0.0, 0.0, 0.0, 1.0]], [[0.9927803105835428, 0.11700010974329145, 0.026424027658584575, -7.365360604322758], [-0.11535422715538741, 0.9916876722064679, -0.056999676061369665, 5.757751599451094], [-0.032873350833573366, 0.05354003281447932, 0.9980244524515408, -9.069778936787333], [0.0, 0.0, 0.0, 1.0]], [[0.9272281356681726, 0.3663646323402774, 0.077620490822331, -12.708180668121965], [-0.36508559026475496, 0.9304713620777613, -0.030586862117467865, 31.692296788146585], [-0.08342958831470755, 2.2876428608499762e-05, 0.9965136744020666, 20.511971702135366], [0.0, 0.0, 0.0, 1.0]], [[0.9795268484040736, 0.19789696944373342, 0.03693159542412089, -22.20777712005439], [-0.19897474870680829, 0.9795987968120791, 0.028200118109552214, -1.4028547281992003], [-0.030597428529983536, -0.03497122773532824, 0.9989198219066614, 8.73281199216765], [0.0, 0.0, 0.0, 1.0]], [[0.9778028097077599, 0.20618996658466693, 0.03724732215110317, 10.938931054031292], [-0.20775855290567163, 0.977155460636805, 0.044761472744073154, 21.65159602282055], [-0.027167057664667704, -0.05150634356553651, 0.998303084013244, 36.99062990806007], [0.0, 0.0, 0.0, 1.0]], [[0.9288455154109133, 0.36470572945915464, 0.0650825583447705, -16.32614508257982], [-0.36700061097078707, 0.9298203229909804, 0.02728953096003995, 23.187956855487066], [-0.050562437125834324, -0.049233097125973055, 0.9975066626841562, 30.702570342881305], [0.0, 0.0, 0.0, 1.0]], [[0.9567750305028275, 0.28546096483747835, 0.055619947504210204, 0.4912582063323293], [-0.2874257392660462, 0.9572973115824545, 0.031117545603334854, 16.473342348426083], [-0.04436198162483539, -0.04575909517314004, 0.9979669933395873, 40.87794779324521], [0.0, 0.0, 0.0, 1.0]], [[0.9605272342403675, 0.27817070926704224, 0.0029135525435116405, -14.293048370248876], [-0.27816632350109405, 0.9602822672935197, 0.021942278630656942, 8.838439338816753], [0.003305866367262749, -0.021886608405392277, 0.9997549937960165, -1.3212117592763692], [0.0, 0.0, 0.0, 1.0]], [[0.9967511087994886, -0.07032593790923596, 0.039261807958623524, 15.886902716251697], [0.07132427915492943, 0.9971489789962251, -0.024632516920078555, 23.312095030013772], [-0.03741756686401759, 0.027352808703578514, 0.9989252972800347, 31.248778489108716], [0.0, 0.0, 0.0, 1.0]], [[0.9887819383834278, -0.13765531200800996, 0.05797666256942238, 2.838382258096031], [0.13831924151986452, 0.9903586920394836, -0.007579480668986283, 5.07350054358135], [-0.0563743359347197, 0.015513741580275617, 0.9982891655578058, 20.6097939168606], [0.0, 0.0, 0.0, 1.0]], [[0.9850819825490302, 0.17149992074333925, -0.014186784071745544, 1.9315427054946768], [-0.1699433639551482, 0.9824749030498564, 0.07656577515301248, 8.173801100478254], [0.02706918367587147, -0.07301261577427512, 0.9969635987501839, 3.723820220718747], [0.0, 0.0, 0.0, 1.0]], [[0.8790333576705194, 0.47421719944894675, 0.04917726964048059, -29.903911770971014], [-0.4761488844384947, 0.8784454284558619, 0.040197873985791006, 28.37172139855035], [-0.024137024474277874, -0.058750974219992085, 0.9979808250050358, 11.63879084228469], [0.0, 0.0, 0.0, 1.0]], [[0.9266239748557992, 0.3735196703903133, 0.04302400555448621, -6.297938256597427], [-0.3749321058225073, 0.9265241898393451, 0.031286445404476664, 26.048032953114273], [-0.028176679114849168, -0.04512185140326784, 0.9985840441745512, 12.29146565161341], [0.0, 0.0, 0.0, 1.0]], [[0.9778965124838769, 0.20808230194000774, 0.020497963099281296, -20.676790518405184], [-0.20894513972877574, 0.9761562500308775, 0.05882944933771543, -6.3518446405433755], [-0.00776784755221085, -0.06181206310263352, 0.9980575781984743, -3.3748857791941096], [0.0, 0.0, 0.0, 1.0]], [[0.9440464187237599, 0.3168483005521652, 0.09156152976029519, -10.862094788066765], [-0.31998922991155837, 0.9471759501496739, 0.021554864849252738, 23.370311137230253], [-0.07989525665174796, -0.04964749636453282, 0.9955661073325486, 28.459585589149068], [0.0, 0.0, 0.0, 1.0]], [[0.9870510629147801, 0.15706505793350073, 0.03256941471915197, -17.315892953102836], [-0.15722659240290607, 0.9875595315918285, 0.00244339998713554, 8.488989728161433], [-0.03178046318373166, -0.007532538647277412, 0.9994664891937874, 9.87930483999881], [0.0, 0.0, 0.0, 1.0]], [[0.9765144684808963, 0.21483786129238983, -0.01625380579389872, 10.621780566938712], [-0.21366177485891652, 0.9753460774484404, 0.05521480933663129, 15.684015255926552], [0.02771531727423677, -0.0504452431974979, 0.9983421951551152, 31.651043371202572], [0.0, 0.0, 0.0, 1.0]], [[0.9635662444099922, 0.2608332112556733, 0.05921257079096516, -23.87332561001367], [-0.2627941053660963, 0.9644443651046394, 0.028041483604431063, 15.451272339650313], [-0.04979308002578893, -0.04258054161184443, 0.9978514652279584, 1.2067049013094822], [0.0, 0.0, 0.0, 1.0]], [[0.9968997704986085, 0.030516472869215504, 0.07252304780857315, 9.50738178783515], [-0.03378676740971133, 0.9984466663755518, 0.04430246891034676, 15.432907896797321], [-0.07105844022932274, -0.046615440437398036, 0.9963823055358845, 45.20924859691727], [0.0, 0.0, 0.0, 1.0]], [[0.9983222140512646, -0.05595475153034309, 0.014893713873892052, -0.5775996132827129], [0.0555906033592526, 0.9981691439255579, 0.023833693231967063, -2.1440837051642356], [-0.016200054010220167, -0.022965754855846274, 0.9996049881598065, 29.342425531875048], [0.0, 0.0, 0.0, 1.0]], [[0.9890106573121551, 0.14232492165198643, 0.040019200388475784, 6.328671671883555], [-0.14552152062847287, 0.9849238745574258, 0.0935331404410535, 0.5241906982647864], [-0.02610376901817047, -0.09832892760294305, 0.9948115476006001, 25.38640638812232], [0.0, 0.0, 0.0, 1.0]], [[0.9802826546194372, 0.19759643241152297, 0.0012517789378455528, -12.37276789335551], [-0.1972756751178835, 0.9782890642741621, 0.06350444652437685, -0.561010617486903], [0.011323650429702178, -0.062499252954115986, 0.9979807705167094, -9.0737548533079], [0.0, 0.0, 0.0, 1.0]], [[0.9180434847485455, 0.39463082529476934, 0.03824489296513002, -7.0317206505152425], [-0.3964744141178757, 0.9132516647140596, 0.09369864378358514, 13.2995438281388], [0.0020491609581007966, -0.10118255098664605, 0.994865765978105, 25.187753619322663], [0.0, 0.0, 0.0, 1.0]], [[0.9287630652898439, 0.36575994212487395, 0.06015673935829153, -29.48384033366475], [-0.3698349714341701, 0.925289109445388, 0.08403664585194516, 7.408563674485267], [-0.02492513706479597, -0.10029819878027628, 0.9946451673153259, 20.14306672834571], [0.0, 0.0, 0.0, 1.0]], [[0.9913803976732944, 0.1310039098245278, -0.001697857422256848, 14.310529700130706], [-0.13068283375799794, 0.9897066510060529, 0.0583330259403724, 1.376383820169455], [0.009322235253351982, -0.05760833763499542, 0.9982957354235321, -0.5029980561641371], [0.0, 0.0, 0.0, 1.0]], [[0.9990426134491927, 0.040561092758158855, -0.016390676217707203, 0.7598435422916339], [-0.039522390264080116, 0.9974529335192948, 0.05937698275906463, -18.43343606702499], [0.018757323381106993, -0.058672337332175126, 0.998101056833204, -1.1447713473580923], [0.0, 0.0, 0.0, 1.0]], [[0.9992685796515971, 0.021417134257421165, 0.03167983714097459, 7.445600228312849], [-0.02207055080941794, 0.9995478189588283, 0.020421762940975852, 15.633625502309082], [-0.031228136480551925, -0.02110601750326453, 0.9992894172946609, 14.802622549689264], [0.0, 0.0, 0.0, 1.0]], [[0.9951264686521161, -0.09318014606062948, 0.0322609945303682, -3.5828653656118896], [0.09192280552172971, 0.9950222382636821, 0.03848302464394089, -13.900502771630876], [-0.03568626084339656, -0.03532995529082463, 0.9987383466384803, 10.301001949488507], [0.0, 0.0, 0.0, 1.0]], [[0.8629815695444356, 0.5050711252893889, 0.012882896628067903, -1.6209994518799136], [-0.5045225132442217, 0.8601296181142449, 0.07506046677428399, 33.680833577503535], [0.026829913461529117, -0.07127551081226803, 0.9970957613499775, 24.844840918460037], [0.0, 0.0, 0.0, 1.0]], [[0.8816196460060931, 0.46908047575890255, 0.05206060927314693, -24.961344412420413], [-0.47181393828636414, 0.8787169817379596, 0.0724435893922811, 19.710232545864724], [-0.011764668070125103, -0.08843061272618478, 0.9960128610204133, 12.491394436421032], [0.0, 0.0, 0.0, 1.0]], [[0.9399675714871691, 0.33260227948647697, 0.07639822139887911, -6.506199764216699], [-0.33652117235117, 0.9405718915722997, 0.04558527551193983, 16.482295575700064], [-0.0566962530676128, -0.06855829974922667, 0.9960347857497686, 21.758914622076183], [0.0, 0.0, 0.0, 1.0]], [[0.961419523711836, 0.27355550202558226, 0.028980799458209056, -24.00206154465745], [-0.2748838577005009, 0.9594070136151934, 0.06306383275433132, -4.50682070023572], [-0.010552923831612717, -0.06859715400442926, 0.9975886257677035, 10.952877149890162], [0.0, 0.0, 0.0, 1.0]], [[0.9888807570012265, 0.14272752356172955, 0.04175766337587858, 6.22246206495592], [-0.1444363616403128, 0.9886542594916394, 0.041241879505477745, 13.032768609039714], [-0.03539754043413237, -0.04681462599414313, 0.9982762167477699, 33.92916940653542], [0.0, 0.0, 0.0, 1.0]], [[0.9757244756221163, 0.21647032105046896, 0.03320162309669458, -15.331639293982636], [-0.21769925312869626, 0.975220173339879, 0.03940366351174538, 8.140641098012066], [-0.02384916894057162, -0.04567508746839896, 0.9986716194653786, 21.373533275236113], [0.0, 0.0, 0.0, 1.0]], [[0.997722131481493, -0.05822892332838143, 0.03405790422273044, 10.29968044783878], [0.056013684334613796, 0.9964572677547672, 0.06273261277810792, -4.351846711217637], [-0.037590098686880936, -0.060682007438146356, 0.9974490856449699, 33.75271665242358], [0.0, 0.0, 0.0, 1.0]], [[0.9921514143431904, 0.11457197669484115, 0.05008825384305761, -13.617060276377485], [-0.11707282006302278, 0.9918527643839459, 0.050220001856007335, -6.462768462752021], [-0.043926368155140096, -0.05568981899919452, 0.9974813874155938, 25.79901866239024], [0.0, 0.0, 0.0, 1.0]], [[0.9189872120501326, 0.39370313940792934, 0.021455584556586464, 5.988440421393753], [-0.39401077606505636, 0.9190197207371982, 0.012580192396523903, 34.7528226611173], [-0.014765244086580219, -0.020014767459605853, 0.9996906504767374, 7.670423297333791], [0.0, 0.0, 0.0, 1.0]], [[0.9763114267973508, 0.2153142275400751, -0.02134903566308117, -9.014296346274062], [-0.2147185246732095, 0.9762993605326213, 0.027120357404646384, 13.476224566913643], [0.026682448671046455, -0.021893881392211864, 0.9994041749415007, -6.048187349387733], [0.0, 0.0, 0.0, 1.0]], [[0.989094355825741, -0.14278396828295914, 0.036126080261087594, 9.749601521932622], [0.14068072472528045, 0.98851065706149, 0.05527761361191072, -7.934379988854288], [-0.04360377236466459, -0.04959253247444372, 0.9978172637103151, 18.3267831403183], [0.0, 0.0, 0.0, 1.0]], [[0.9919096745917793, -0.12529671547428944, 0.020394375268318478, -3.3670810562653095], [0.12412102696747401, 0.990943062529259, 0.05124273109108027, -25.690577079557915], [-0.026630210584403104, -0.04829678991908376, 0.9984779676926989, -0.9170126145061684], [0.0, 0.0, 0.0, 1.0]], [[0.9809322141647848, 0.1776979436947776, 0.07871106669601657, -9.93011964005238], [-0.17874480330454476, 0.9838746306042969, 0.006403635286509986, 10.626285908903961], [-0.07630390884742917, -0.02035072627477032, 0.9968769038525749, 16.732538667776005], [0.0, 0.0, 0.0, 1.0]], [[0.9857441438117246, 0.15129354756676772, 0.0736121281145429, -24.718060313555046], [-0.15092831707004534, 0.988488609587321, -0.010531468203783294, 0.16676496747994413], [-0.0743580933543452, -0.0007288215046537794, 0.9972313386431049, -3.0902509012100015], [0.0, 0.0, 0.0, 1.0]], [[0.9956441316077902, -0.08731078031026399, 0.03270459962423495, 14.404351268254608], [0.08587312578922948, 0.9953755472977975, 0.04305027420117185, -6.223023223734705], [-0.03631211178320337, -0.04005430667508467, 0.9985374720332834, 22.808482078052425], [0.0, 0.0, 0.0, 1.0]], [[0.9929831755775632, -0.11727259437960984, 0.01521682054090243, 7.066854607959844], [0.11664062989582649, 0.992473180977168, 0.03730882601431145, -25.592542489948237], [-0.01947758910654392, -0.03527213699985916, 0.9991879202002291, 12.135908952086412], [0.0, 0.0, 0.0, 1.0]], [[0.9960111028371881, -0.08683534778772921, 0.020530596670040868, 16.363685366278943], [0.08794970412563746, 0.9942147740252463, -0.061659003025809046, 12.803157372322156], [-0.01505764155691743, 0.06321871150623062, 0.997886096679491, 26.27923911288489], [0.0, 0.0, 0.0, 1.0]], [[0.9945351773380553, -0.10371145340913761, -0.011988138676536763, 4.205603335176421], [0.10317175000682677, 0.9938908357141509, -0.03919944749552316, -7.4849906545240605], [0.01598033284047617, 0.03774839221993115, 0.9991594906956134, 10.958561419790447], [0.0, 0.0, 0.0, 1.0]], [[0.9755365867959828, 0.21940855902423417, 0.013720497416312535, -4.13614656634005], [-0.21966258314887332, 0.97534830322202, 0.02107218465866606, 16.971301691162644], [-0.00875884620291206, -0.023570567002804434, 0.9996838055026991, 15.815535195491835], [0.0, 0.0, 0.0, 1.0]], [[0.9860415423402041, 0.1656940627849507, -0.016357088285143317, -17.43075576000443], [-0.16499378578064647, 0.985579979465885, 0.03753870975132303, -4.493458571033556], [0.022341160066594985, -0.034315909340141754, 0.9991612937524337, -2.384994639618443], [0.0, 0.0, 0.0, 1.0]], [[0.9863332223598176, 0.16193563207788586, -0.030391208150298676, 18.588737954893517], [-0.16041051165431994, 0.9859173241884264, 0.047281049226215115, 12.232863337014685], [0.037619705210148756, -0.04175980039066356, 0.998419188943819, 16.611095352405876], [0.0, 0.0, 0.0, 1.0]], [[0.9993926650954691, 0.032665691731437914, -0.012134806841528184, 4.125059524668138], [-0.032416575288862076, 0.9992705417242177, 0.020187869841335304, -3.998164275204175], [0.012785405739204059, -0.019782240163738335, 0.9997225597005335, 0.013137402999504113], [0.0, 0.0, 0.0, 1.0]], [[0.942725422936691, 0.33353923381665895, 0.004511812699156925, 3.7535725287175135], [-0.33356605435341297, 0.9425650910209545, 0.0174567056386642, 32.28057373540058], [0.0015698190762326568, -0.017961867766330398, 0.9998374402743733, 9.346151494210085], [0.0, 0.0, 0.0, 1.0]], [[0.9822317426434614, 0.17067313224796513, 0.07804797032761347, -16.753541426076072], [-0.1702394119455903, 0.985326874813421, -0.01222670809482929, 14.043265315655438], [-0.07898953325606399, -0.0012773797733427433, 0.9968746269902266, 1.8933120001635089], [0.0, 0.0, 0.0, 1.0]], [[0.9408586417657996, 0.33442038590447826, 0.05429568773038174, -10.502420059627946], [-0.33744009797983954, 0.9393132127433814, 0.061845522401117015, 11.599676671272988], [-0.03031825341229063, -0.07650943639323403, 0.9966078013204689, 17.091990840414574], [0.0, 0.0, 0.0, 1.0]], [[0.9002701220413268, 0.423908804508663, 0.099070847476608, -40.62416184702729], [-0.43076075896740024, 0.9003347358606226, 0.061988159648551526, 8.932101074548475], [-0.06291959864403018, -0.09848192150248586, 0.9931477408944035, 8.391038485809172], [0.0, 0.0, 0.0, 1.0]], [[0.9374445480556103, 0.34813433737949756, 0.00044995349997704913, -1.3780280348966414], [-0.34798966809250026, 0.9370161279336421, 0.03006604219243467, 22.46860294684748], [0.010045407989988573, -0.0283418265040219, 0.9995478130878648, 13.214046794956994], [0.0, 0.0, 0.0, 1.0]], [[0.941533302860896, 0.3359693193570903, -0.02529142254966259, -13.890543427292181], [-0.3358148861958386, 0.9418722174214568, 0.010251256452945619, 15.607759975386715], [0.027265395891644825, -0.001158663161370152, 0.9996275584869347, -8.736134302810843], [0.0, 0.0, 0.0, 1.0]], [[0.9864724561452608, 0.1630055016228742, -0.017357986847914657, 19.041179300233978], [-0.1624797629021851, 0.9863056226328112, 0.02831157731655949, 21.33486708394486], [0.02173522288790516, -0.025108269625304467, 0.9994484253239073, 27.14475413059956], [0.0, 0.0, 0.0, 1.0]], [[0.9902365933525034, 0.13799438027682073, -0.019724101947860097, -5.16563671067372], [-0.13733001387963226, 0.9900147054602971, 0.03180173360348064, 6.886887030071272], [0.023915611500720368, -0.028782529151951505, 0.9992995594626104, 7.939278566332148], [0.0, 0.0, 0.0, 1.0]], [[0.9464645163263844, 0.30879223703890835, 0.09408652230563581, -11.149358962072544], [-0.31199386980266836, 0.9498498718453999, 0.021096117198065548, 19.21376890436568], [-0.08285375393196182, -0.0493211445506422, 0.9953404845376262, 29.308022938515144], [0.0, 0.0, 0.0, 1.0]], [[0.9896440987979291, 0.13788741741034455, 0.03989508534061708, -15.188340726042732], [-0.1381678180892229, 0.9903992985774317, 0.004345505930019542, -0.5497366775507638], [-0.03891287394800236, -0.009812721193931671, 0.9991944248963125, 7.384395363585629], [0.0, 0.0, 0.0, 1.0]], [[0.9382994073860375, 0.3452271075987007, 0.020309265817598315, 9.522384604117146], [-0.34573028759418417, 0.9350593024167916, 0.07832412912934784, 28.75425480726042], [0.00804924462651124, -0.08051301225803943, 0.9967210565238819, 48.52892327187183], [0.0, 0.0, 0.0, 1.0]], [[0.9754472750165049, 0.21953344667364338, 0.017540794008891275, -3.190114663924524], [-0.22017281753715312, 0.973945577302632, 0.05435018739976569, 12.75105175825977], [-0.00515209478010718, -0.05687774823451432, 0.9983678568920101, 29.67556044315692], [0.0, 0.0, 0.0, 1.0]], [[0.9983321822441832, -0.050959526089805855, 0.02712896231460632, 14.841936031755727], [0.05128561841301647, 0.9986182413537895, -0.011462695121858423, 14.054547577982051], [-0.02650734312524358, 0.012834903044612694, 0.9995662189291276, 13.903699149188707], [0.0, 0.0, 0.0, 1.0]], [[0.9980500843630608, -0.05454343594665549, 0.030348685276734764, 1.2451201790913224], [0.055521838705477854, 0.9979320324560047, -0.032388022863318974, -0.41062866034486717], [-0.028519371130095242, 0.03400988375994632, 0.9990145010343864, -0.9725965375230897], [0.0, 0.0, 0.0, 1.0]], [[0.925526704587678, 0.3742244378299048, 0.057934352727587464, -9.85290442842203], [-0.37343844729648246, 0.9273378065979445, -0.02425527849576523, 24.94168395596359], [-0.06280163354455813, 0.0008139932473249847, 0.99802569718376, 38.836141909319394], [0.0, 0.0, 0.0, 1.0]], [[0.9373156233219322, 0.3461039042738292, 0.04063877118014249, -22.218070223631806], [-0.34570423981812737, 0.9381948074747811, -0.016705741501953142, 13.156760150383898], [-0.043909006460980775, 0.0016095570109843165, 0.9990342378906953, 19.85665270211569], [0.0, 0.0, 0.0, 1.0]], [[0.9850834533251611, 0.1638377515966081, 0.05260970572753614, 3.180878235860497], [-0.16499737880986312, 0.9861208107946206, 0.018482735285401584, 22.51458269171248], [-0.04885135587518899, -0.02688750024683998, 0.9984440932569171, 28.631705396141516], [0.0, 0.0, 0.0, 1.0]], [[0.9992074962617107, -0.03767595448775307, 0.01284141222144667, -1.025861578312772], [0.03760895566229618, 0.9992778362086, 0.0054196417087752115, -5.1688396406356745], [-0.013036328792869627, -0.00493239451958316, 0.9999028580896794, 16.245642835493868], [0.0, 0.0, 0.0, 1.0]], [[0.9254580203131075, 0.375554739462085, 0.04986070903732407, -3.1443344970777414], [-0.3771491847101545, 0.9257464826696514, 0.027421566279703023, 30.831728083074267], [-0.03586007683490162, -0.04418243420559573, 0.99837967096544, 25.373832290506954], [0.0, 0.0, 0.0, 1.0]], [[0.9395652772781783, 0.3415019936868572, 0.02436140474362653, -18.16053572419371], [-0.34209054806244354, 0.939292661352499, 0.026520807975586206, 24.374283803365852], [-0.013825579898077355, -0.03325183659954115, 0.999351373993772, 12.80142542173626], [0.0, 0.0, 0.0, 1.0]], [[0.984986621217129, 0.1712840337614949, 0.021520590179203367, 11.484656296823669], [-0.1715246984611226, 0.9851303674515324, 0.009871015278704013, 26.216851915596557], [-0.01950983959675463, -0.013414130728546554, 0.9997196743366162, 33.0383308829992], [0.0, 0.0, 0.0, 1.0]], [[0.9873970481004515, 0.15704174242272595, 0.01962041129410238, -0.9979866511932853], [-0.15745048213118254, 0.9872953316439635, 0.02138396106189442, 10.249948825838569], [-0.01601296597054213, -0.024203703247078052, 0.9995787941277844, 27.541406738478063], [0.0, 0.0, 0.0, 1.0]], [[0.9038981278523128, 0.42730314532689856, 0.019498627100914257, -9.62851149375231], [-0.42707827106884894, 0.9040946525696493, -0.014731244883002037, 51.10217384615494], [-0.02392331176747381, 0.004988104720204849, 0.9997013523874875, 34.4398229985357], [0.0, 0.0, 0.0, 1.0]], [[0.9445220714215349, 0.32364654402218335, -0.055955081449964514, -5.107090691900866], [-0.3235679505505216, 0.9461443234871214, 0.010709832381351704, 25.165413312073937], [0.05640778292142472, 0.007989597962240783, 0.9983758452357988, -1.730109238566428], [0.0, 0.0, 0.0, 1.0]], [[0.9997679449135969, 0.01606824909286255, -0.014348090267784438, 18.343900744465472], [-0.015611033466179423, 0.9993840773694538, 0.031428673763357604, 5.833858642681167], [0.014844256712971326, -0.03119739206240577, 0.9994030071853617, 6.213885690305137], [0.0, 0.0, 0.0, 1.0]], [[0.9911679719497714, 0.13235528593129406, 0.008254069724727095, -5.411280738851517], [-0.13250085592850305, 0.9909664793129244, 0.02071135090623863, 0.4029570733486157], [-0.0054382496438976444, -0.021622098977496482, 0.9997514242433562, -5.519099478708422], [0.0, 0.0, 0.0, 1.0]], [[0.9905989329058634, 0.1364574869889739, 0.009649267869370558, 15.81332459092679], [-0.1367936812768836, 0.9886735772279067, 0.06174177235948198, 13.592949113500023], [-0.0011148490836206853, -0.062481292688497614, 0.9980455125772024, 31.983162305355975], [0.0, 0.0, 0.0, 1.0]], [[0.9598109100466418, 0.28036098338218246, 0.012678168338336421, -10.047757734567782], [-0.2803764785569466, 0.9598899416603559, -0.0005746053335838998, 21.56696221913121], [-0.012330743183026141, -0.003003147725110121, 0.9999194636951014, 17.274853978635132], [0.0, 0.0, 0.0, 1.0]], [[0.9484569714682037, 0.31622718014874224, 0.020730263108248197, 1.280992839212475], [-0.31624723201576477, 0.9486737982483892, -0.0023901379327618223, 23.88706009676197], [-0.020422084020234148, -0.00428894534184346, 0.9997822480080968, 32.492910687011985], [0.0, 0.0, 0.0, 1.0]], [[0.9611418186901088, 0.2760521576387987, 0.001269105210997914, -17.789715198709125], [-0.27590516130316506, 0.9604582238907242, 0.03736766151300733, 3.595834396581415], [0.009096501049696431, -0.036265774824759234, 0.9993007791676203, 17.604480831641258], [0.0, 0.0, 0.0, 1.0]], [[0.9939253645270808, 0.10589608419626947, -0.02997313966884401, 22.528814783048368], [-0.10425458141686458, 0.9931975376977147, 0.05186167529874068, 5.83336825261969], [0.03526119685016059, -0.048421797396361356, 0.9982043766351666, 26.006302180326244], [0.0, 0.0, 0.0, 1.0]], [[0.9863958847932127, 0.164264169528382, 0.0063593295377140716, -7.124541134247664], [-0.16431420465244614, 0.9840668319725181, 0.06792136895709437, -4.990032079620428], [0.004899041993320384, -0.06804228700391154, 0.9976704097881346, 14.964743997256454], [0.0, 0.0, 0.0, 1.0]], [[0.999426529686887, -0.022423302858238257, 0.02537335702963496, 15.567593565378962], [0.020655389066208514, 0.9974773740089986, 0.0679134982358902, 1.048219834585687], [-0.026832194478818835, -0.06735045529942933, 0.9973685123916894, 43.572445663437335], [0.0, 0.0, 0.0, 1.0]], [[0.9876101837925583, 0.15108460811685168, 0.042421292523979824, -16.388057951279873], [-0.15452258389449855, 0.9834121785527115, 0.09499083187748468, -1.2055025422826233], [-0.027365963089125343, -0.1003689606620805, 0.9945738664371878, 38.11200791547094], [0.0, 0.0, 0.0, 1.0]], [[0.9794565546433923, 0.20164483225636606, -0.002054066794047575, 12.036226329897238], [-0.2014635609675601, 0.9789186058722537, 0.033627320431347474, 17.945962860705407], [0.00879153959000767, -0.03252267980078291, 0.9994323309410252, 23.13815045042724], [0.0, 0.0, 0.0, 1.0]], [[0.9351973594702128, 0.346695099710895, 0.07216929178256472, -22.07597992735754], [-0.349106992797833, 0.9367849513276677, 0.02362758019082825, 20.845349268800216], [-0.05941554021969577, -0.047291255031693735, 0.9971124965508813, 17.630345082279852], [0.0, 0.0, 0.0, 1.0]], [[0.9981214694357815, 0.060749424163368315, -0.007939755359800698, 13.935439552326262], [-0.06049382886832115, 0.9977408235456415, 0.029218927073229112, 14.251660711550427], [0.009696851045808598, -0.028683732223676282, 0.9995415021826322, 37.89110772379111], [0.0, 0.0, 0.0, 1.0]], [[0.9734001083682532, 0.22907488603807216, 0.004114075268866307, -7.913724002826936], [-0.2288970053182826, 0.9715532115356122, 0.06074963465868587, 9.3203390254157], [0.009919172596326678, -0.060075400468794074, 0.9981445568020295, 23.245238387629414], [0.0, 0.0, 0.0, 1.0]], [[0.9996463840958218, -0.011916340035448992, -0.023771992013873637, 17.313488105705648], [0.011915998958242118, 0.9999289897941953, -0.0001560063705285357, 19.146485246718647], [0.023772162984787237, -0.00012731582787789446, 0.9997173940958038, 17.443006484211164], [0.0, 0.0, 0.0, 1.0]], [[0.9879665141568853, -0.15458404548567065, 0.005093111620222394, 8.30160906965245], [0.15446259274997715, 0.9878160617055759, 0.01899304286940113, -14.938810068389257], [-0.007967078865349793, -0.01797779513088993, 0.9998066435749374, -2.601182427737536], [0.0, 0.0, 0.0, 1.0]], [[0.9654916592204887, 0.2546237108912356, 0.05470486109702377, -7.000005343533997], [-0.2584953983504817, 0.9625066847755233, 0.08222536587974484, 9.281164311292835], [-0.031717266705911636, -0.0935288597942295, 0.995111233671039, 15.899061312231932], [0.0, 0.0, 0.0, 1.0]], [[0.9638000027866402, 0.2514709853644241, 0.08861093695653106, -30.79201988573128], [-0.2562118533779412, 0.9654883111918268, 0.04677400069046197, 3.903362874405161], [-0.07379051983221999, -0.06778395438299843, 0.9949674842481495, 4.692304244885621], [0.0, 0.0, 0.0, 1.0]], [[0.9894771852837293, 0.12842496624340294, 0.06664778952352601, 4.261137514650919], [-0.131416970199405, 0.9904104949495073, 0.04262195956878562, 15.113756972221077], [-0.06053494649043686, -0.05093210715506826, 0.9968658087797697, 50.64887096262377], [0.0, 0.0, 0.0, 1.0]], [[0.9991107939085678, -0.040117782917376804, 0.01296861554596345, -3.1933788423407337], [0.03986984640521631, 0.9990272025583392, 0.018842608526350953, -6.8087256858666265], [-0.013711923388395766, -0.018308796854165043, 0.9997383513273548, 33.486466314649206], [0.0, 0.0, 0.0, 1.0]], [[0.9320306857164847, 0.3572902340105791, 0.06051850595915507, -5.963923733837302], [-0.36162936263733514, 0.9277786772884711, 0.09192894020586703, 11.700906911980532], [-0.023302466851760524, -0.10756586191503682, 0.9939248363880949, 6.413197883022544], [0.0, 0.0, 0.0, 1.0]], [[0.9662144136565732, 0.2563650121401427, 0.026583592546241486, -16.220133810939604], [-0.2577282275029108, 0.960049521766162, 0.10900035093874029, -12.840951290784986], [0.002422310980844304, -0.11216905235823826, 0.9936861859272084, -9.052767865879112], [0.0, 0.0, 0.0, 1.0]], [[0.9699860820098584, 0.2428809620071395, 0.01165499899823857, 0.3337073269926908], [-0.24309615978326427, 0.9697171408004452, 0.02351433470114387, 21.056857557199734], [-0.005590868071432273, -0.025641862886580616, 0.9996555592112274, 12.250716735564756], [0.0, 0.0, 0.0, 1.0]], [[0.9781711818265416, 0.2077929183595207, -0.0018005898201426697, -13.663651741616938], [-0.20775364737984364, 0.9780973109157347, 0.012809074118823706, 7.472596844894691], [0.004422786953777573, -0.012155388066343883, 0.9999163392486979, -7.155653499315925], [0.0, 0.0, 0.0, 1.0]], [[0.9300656486545463, 0.36505621830008045, 0.04137446885749636, -14.542545172402194], [-0.36708160016526503, 0.9280033365015208, 0.06372524038519561, 13.524041965639425], [-0.015132349880451826, -0.07445646326872174, 0.9971094458807456, 23.644213459021497], [0.0, 0.0, 0.0, 1.0]], [[0.94882947432797, 0.31183785035632405, 0.04979742695810724, -32.2635977171988], [-0.31337307072947124, 0.9492584436456352, 0.026565498471525298, 7.020486214136625], [-0.038986500074805586, -0.04081130055028659, 0.9984059748215172, 8.56713303842032], [0.0, 0.0, 0.0, 1.0]], [[0.961248564082909, 0.25536914195257276, 0.10386433163967224, -8.867793483408747], [-0.2611560726733847, 0.9641836099797726, 0.04634082381863566, 10.115146831794336], [-0.08831026981253497, -0.07166985129594537, 0.9935113127996354, 38.69923399023451], [0.0, 0.0, 0.0, 1.0]], [[0.9682351445065421, 0.23033932995348352, 0.0972856516603219, -26.279889725390454], [-0.2344063220694638, 0.9715945356174466, 0.032522830937426854, -2.3114459056989802], [-0.08703092046083381, -0.05429411970828847, 0.9947249707576663, 27.10110222650537], [0.0, 0.0, 0.0, 1.0]], [[0.9398963860162343, 0.3326093024356876, 0.077238821112634, -10.088320603986471], [-0.33460555000523684, 0.9422520745811543, 0.014147574110248444, 17.31662853270029], [-0.06807282467561505, -0.03914179199726834, 0.9969122381934763, 31.67189159578842], [0.0, 0.0, 0.0, 1.0]], [[0.9142762037433215, 0.37919414766187415, 0.1425160399663369, -44.983323810795696], [-0.3899378354537162, 0.9191374859753835, 0.05598898424263448, 11.031140019590513], [-0.1097611395274864, -0.10676179210670916, 0.988207676551743, 33.21369399162346], [0.0, 0.0, 0.0, 1.0]], [[0.9729422635396763, 0.22793569688494253, 0.03779774998412409, -2.3210658022038584], [-0.23058572624647866, 0.9682603312215904, 0.09644767407270542, 4.774707542251163], [-0.014614194116364946, -0.10255363995600732, 0.994620116558125, 50.727964916039554], [0.0, 0.0, 0.0, 1.0]], [[0.9579313824955461, 0.2797428395371109, 0.06412027883502865, -23.93976239526291], [-0.2824799042590052, 0.9585047620095664, 0.03838912469443433, 11.174525634579986], [-0.05072050985539097, -0.054886837517713144, 0.9972035223299764, 27.827201035510537], [0.0, 0.0, 0.0, 1.0]], [[0.9538056028530367, 0.30032924211306244, 0.007564277754593452, -4.32496779375002], [-0.3003090181944208, 0.9524387157051389, 0.05172027085242411, 6.848108438098385], [0.008328598757168902, -0.05160270494595056, 0.9986329632477603, 11.349499318739307], [0.0, 0.0, 0.0, 1.0]], [[0.9678661349396449, 0.2509959382487192, -0.015368273150845525, -16.582237876800413], [-0.2504440555149818, 0.967635141932827, 0.03098398221412232, -0.5363619132408006], [0.022647734858096128, -0.026139454456461507, 0.999401725547097, -7.5709361127319115], [0.0, 0.0, 0.0, 1.0]], [[0.9762603501204179, 0.21445304137308074, 0.030424033733142255, 6.312299807212743], [-0.21482173104017932, 0.976608247485296, 0.009378422927300513, 16.581896239263276], [-0.027701130945514914, -0.01569152604236218, 0.9994930831950777, 34.50094093848035], [0.0, 0.0, 0.0, 1.0]], [[0.961038182798142, 0.2763086444150025, -0.007690528303758912, -12.201663128992497], [-0.2762475074027668, 0.9610520669324476, 0.008138752891509277, 14.268517150540093], [0.0096398059008116, -0.005697163014575367, 0.9999373062726391, 9.01007362171304], [0.0, 0.0, 0.0, 1.0]], [[0.9898736677553855, 0.14071552926370984, 0.018688544847962823, 7.778925347212538], [-0.14142502526334685, 0.9889450528312584, 0.04457179275998979, 2.11022734087909], [-0.012210000563553595, -0.04676347190502237, 0.9988313639356867, 21.089626162326905], [0.0, 0.0, 0.0, 1.0]], [[0.9922469788708664, 0.1242637785969479, 0.0021086133943551424, -9.11705108371165], [-0.1241287549415061, 0.9900421224614289, 0.06639765017483833, -15.220979034918791], [0.00616320682028574, -0.06614460734540224, 0.9977910130888202, 5.620472365716546], [0.0, 0.0, 0.0, 1.0]], [[0.9968038635187072, 0.061647621164681594, 0.05080972819166481, 13.023894195057446], [-0.06386407546793939, 0.9970223539066042, 0.043218117441122264, 12.48948681247931], [-0.047994140671547475, -0.04632490275505392, 0.9977728027191012, 55.643946505653254], [0.0, 0.0, 0.0, 1.0]], [[0.9795513278429618, 0.1992948269519256, 0.02758202442341321, -5.324095745148825], [-0.19954601722281873, 0.9798659059660401, 0.00664780684616439, 15.008335571995005], [-0.025701811835009074, -0.012015751144038486, 0.999597438268449, 39.27395692667527], [0.0, 0.0, 0.0, 1.0]], [[0.9968469899020708, -0.07744253092328494, -0.017283897921865896, 30.938579236962813], [0.07732842096861263, 0.9969798455195152, -0.0071765547711498835, 14.516953452678802], [0.017787468444904395, 0.005817390487007534, 0.9998248666312728, 50.96319454609329], [0.0, 0.0, 0.0, 1.0]], [[0.9874866587763652, -0.15748925759430116, -0.008199541516921444, 9.467628678484324], [0.15728679309306665, 0.9873240856296621, -0.021260636257055637, -5.813569361373722], [0.011443926650883073, 0.019704915070909455, 0.9997403427214788, 31.49587354533728], [0.0, 0.0, 0.0, 1.0]], [[0.8490681025538704, 0.5282832788168066, 0.00036680803220861066, -0.9338566810170674], [-0.528037554986692, 0.8486515802094574, 0.03109398545807233, 37.344623850413726], [0.016115140373105206, -0.026594599650200036, 0.9995163978245677, 25.077106144526763], [0.0, 0.0, 0.0, 1.0]], [[0.8558270464186792, 0.5169229549181668, 0.01872766127823481, -25.925221497040422], [-0.5171325703749141, 0.8558619473512179, 0.008615783981639666, 31.351920258266095], [-0.011574596136198262, -0.017058304571512344, 0.9997874989063585, 7.106444774506905], [0.0, 0.0, 0.0, 1.0]], [[0.9905942763284379, 0.1316667399332534, 0.03724042562437246, 2.07397286190518], [-0.1320243380007003, 0.9912195850031918, 0.007301265751496226, 16.54475124956091], [-0.035952105373846924, -0.01214923460330712, 0.9992796616652108, 17.01390058566758], [0.0, 0.0, 0.0, 1.0]], [[0.9885982751828066, 0.15025692703644264, -0.009813571375546656, -11.262430788048917], [-0.14963647365606975, 0.9876074749955404, 0.04733287530570811, -7.70199411859866], [0.016804048838127, -0.04532473067205699, 0.9988309630423691, 0.7057123132437741], [0.0, 0.0, 0.0, 1.0]], [[0.9851307681195296, 0.16993391803019547, 0.025294924532941524, 7.4511290118995825], [-0.170491310635361, 0.9851181587124472, 0.021792805529146895, 14.368479781689839], [-0.02121515265222365, -0.02578132808645182, 0.9994424647872624, 7.225672487355019], [0.0, 0.0, 0.0, 1.0]], [[0.9948080971174913, 0.10117619280721664, 0.010964849224144051, -4.607781767269834], [-0.10136483494331161, 0.9946812653474767, 0.018285256455720784, -1.22193980662999], [-0.00905649746792253, -0.019301771311804647, 0.999772684902841, -10.644377838752034], [0.0, 0.0, 0.0, 1.0]], [[0.991742462844443, 0.12820749441231852, -0.003118616320451783, 10.05304636543581], [-0.12818257834842442, 0.9917245458661212, 0.007186914121354497, 14.929770902870771], [0.00401422460618609, -0.006727815630128628, 0.9999693107779164, 18.392110857701514], [0.0, 0.0, 0.0, 1.0]], [[0.9994747347674664, 0.03158289628863449, 0.0072646557750826, -1.846388888713837], [-0.031738400135129845, 0.9992453630709923, 0.022391479138002345, -9.268789462274727], [-0.006551985834193531, -0.02261028622433966, 0.9997228848228336, 10.342937472192494], [0.0, 0.0, 0.0, 1.0]], [[0.9824076955988388, 0.16735412167671695, 0.08287169351467553, -0.48427031748645133], [-0.16062409693308102, 0.9835895007018428, -0.08216808135480815, 27.905873803287523], [-0.09526289473141085, 0.06741136452344519, 0.9931669994620616, 13.31792819234497], [0.0, 0.0, 0.0, 1.0]], [[0.9889055607880799, 0.11608628331169871, 0.09268099411038286, -28.17572301727808], [-0.11289635852824922, 0.9928423588660386, -0.03896745658086507, 4.358636429912465], [-0.09654120401918449, 0.02807178776274517, 0.9949330483295491, 5.755248859547321], [0.0, 0.0, 0.0, 1.0]], [[0.9595187163260356, 0.27811161877498025, 0.04447201954478335, 9.463915366959275], [-0.27502745267546025, 0.9592471235683263, -0.0648448625623968, 35.68263078493061], [-0.060693766524077264, 0.04998883303547421, 0.9969038987168573, 35.0595005101505], [0.0, 0.0, 0.0, 1.0]], [[0.989946450110307, 0.13077527068478537, 0.05388742424089395, -13.800678385617145], [-0.13101831540834158, 0.9913794563117343, 0.0009872338150759498, 6.138419855520216], [-0.05329377957658161, -0.008037548156399866, 0.9985465291502809, 7.262953347683546], [0.0, 0.0, 0.0, 1.0]], [[0.9695619374757015, 0.23811713893417458, 0.057007697236100385, -5.130976059640508], [-0.24026710131102122, 0.9700999838617825, 0.03431823624492919, 9.291989382067957], [-0.04713140594082888, -0.046970729791716646, 0.9977837346423668, 5.112961967893913], [0.0, 0.0, 0.0, 1.0]], [[0.9855574203294611, 0.16729672819056604, 0.02623691998446543, -19.90042176991329], [-0.1680887496545475, 0.9852646729896051, 0.03161797587227344, -6.627912202320436], [-0.02056072647330915, -0.035571461811692136, 0.9991556073162332, -4.701121904798145], [0.0, 0.0, 0.0, 1.0]], [[0.9594764537079136, 0.2784399059656655, 0.04331458814206565, 1.8145544262758921], [-0.2793634374367748, 0.9600375682064426, 0.016850443785528257, 14.568591177470273], [-0.0368917958846501, -0.0282681162812688, 0.9989193706192278, 15.222692441588784], [0.0, 0.0, 0.0, 1.0]], [[0.9534306757782594, 0.2983207246344864, -0.04443750373912023, -8.092753642610663], [-0.29864438721427194, 0.9543642236500817, -0.0006772017335328027, 10.628066346665921], [0.04220754044506185, 0.013916675979941865, 0.9990119366950758, -8.591146934157049], [0.0, 0.0, 0.0, 1.0]], [[0.981344849768898, 0.18499096683166577, 0.05235100784841525, 4.338764533468573], [-0.1871059096211384, 0.9815714153777918, 0.03884501381239993, 15.9820507196386], [-0.044200276208477475, -0.04791553718706142, 0.9978729562820957, 27.867737791208373], [0.0, 0.0, 0.0, 1.0]], [[0.9745213937675771, 0.21930102510007174, 0.04706499207857722, -8.999608227372857], [-0.2214651884774205, 0.9740301777663073, 0.04709971436429013, 4.848807345844427], [-0.03551370695885706, -0.056322936629713154, 0.9977807892655808, 9.386836509516385], [0.0, 0.0, 0.0, 1.0]], [[0.9239460400099111, 0.37817133508852496, 0.05753395925338229, -11.862821642657062], [-0.3794240747027088, 0.9251416569922177, 0.012259120428847548, 29.13313572274827], [-0.048591014457408536, -0.03315653502793622, 0.9982682793212181, 8.111117398775537], [0.0, 0.0, 0.0, 1.0]], [[0.9536872662706443, 0.29452468346271643, 0.0611212645845247, -39.44026765405056], [-0.29721479825005, 0.9539404908615944, 0.04075418501112598, 2.7575493961729296], [-0.04630293569966001, -0.057032891614626234, 0.9972979932897011, -2.342507270662505], [0.0, 0.0, 0.0, 1.0]], [[0.9642205730568042, 0.2644140884968678, 0.019075541889532817, 13.112784239650516], [-0.26444178916027733, 0.964401020231233, -0.0011010552530276228, 34.17729551288835], [-0.01868760658084304, -0.003982710299428369, 0.9998174390252207, 17.285582552017644], [0.0, 0.0, 0.0, 1.0]], [[0.9541368111388546, 0.2986770220300868, 0.020371110451370675, -9.665326738740449], [-0.29859999054743247, 0.9543541670785307, -0.006794808674293109, 23.734271030999533], [-0.021470707367384642, 0.0004003636925686633, 0.9997693976283037, 4.4607996299461625], [0.0, 0.0, 0.0, 1.0]], [[0.9864815561998376, 0.1636701960058919, 0.008136720281677678, 6.7562846277734305], [-0.16387093808791556, 0.9854607903183215, 0.044870328674727095, 14.819227027011951], [-0.0006744833103398193, -0.04559712364376041, 0.9989596825636571, 27.60472845528514], [0.0, 0.0, 0.0, 1.0]], [[0.9945507888236145, 0.10420770971467455, -0.003079234701133463, -4.558754042689198], [-0.1039533894046656, 0.9934964256299428, 0.04646014519788156, -5.92760579037129], [0.00790071399333427, -0.04588687717145757, 0.9989153984306398, 18.88114466135053], [0.0, 0.0, 0.0, 1.0]], [[0.9379504143002281, 0.345517572915482, 0.029438531223919227, 3.061146286653182], [-0.34593894541910847, 0.9381980595569718, 0.010518891854432152, 34.811173409115796], [-0.023984710887184534, -0.020050133419134086, 0.9995112434552852, 52.174065719813555], [0.0, 0.0, 0.0, 1.0]], [[0.9889323934222674, 0.13657245790303674, 0.05797141521845973, -11.112348779668942], [-0.1356986070010836, 0.990572338334892, -0.018770471057242402, 18.90743039983146], [-0.059988409697818, 0.010696086577275733, 0.9981417656995721, 11.448458862296325], [0.0, 0.0, 0.0, 1.0]], [[0.9822353470814129, 0.1705786406853586, 0.07820901665272537, 0.3845387136071822], [-0.17828650537175142, 0.9783244391965096, 0.10533382017738152, 9.221406407244015], [-0.05854609249283434, -0.11740621368891734, 0.9913567148312714, 43.33066930356334], [0.0, 0.0, 0.0, 1.0]], [[0.9972874508907378, 0.006573021763908185, 0.07331122479364725, -11.39889843